Macro F1 Measure:0.7373, 0.7578, 0.7578, 0.7995, 0.8133, 0.8148, 0.8295, 0.8078, 0.8150, 0.6719
Mean Macro F1 Measure: 0.7805
STD Macro F1 Measure: 0.0465

Macro Recall:0.7474, 0.7758, 0.7726, 0.8381, 0.8421, 0.8451, 0.8497, 0.8311, 0.8233, 0.7012
Mean Macro Recall: 0.8026
STD Macro Recall: 0.0480

Macro Precision:0.7332, 0.7539, 0.7501, 0.7873, 0.7999, 0.8014, 0.8209, 0.7922, 0.8090, 0.6662
Mean Macro Precision: 0.7714
STD Macro Precision: 0.0442

Macro PR AUC:0.7634, 0.7970, 0.7910, 0.8566, 0.8715, 0.8670, 0.8782, 0.8553, 0.8667, 0.6988
Mean Macro PR AUC: 0.8245
STD Macro PR AUC: 0.0566

Macro AVG PR:0.7640, 0.7976, 0.7920, 0.8567, 0.8716, 0.8671, 0.8783, 0.8553, 0.8670, 0.6990
Mean Macro AVG PR: 0.8249
STD Macro AVG PR: 0.0565

F1 Measure per Class:[0.99833611 0.71495327 0.47086801 0.76492083], [0.99066447 0.71553611 0.5607763  0.76418816], [1.         0.69314079 0.5361552  0.80181818], [0.99875415 0.79481019 0.61502783 0.78958421], [0.99521531 0.80097087 0.63147653 0.82549234], [0.98228467 0.80430528 0.64411765 0.82834557], [0.99864258 0.84543179 0.64682363 0.82705118], [0.98348433 0.7727003  0.63148578 0.84364747], [0.99436302 0.83769634 0.59798995 0.83007697], [0.99895031 0.57817773 0.40958983 0.70099612]

Recall per Class:[0.99667774 0.74271845 0.53658537 0.71363636], [1.         0.74318182 0.67527675 0.6846112 ], [1.         0.73846154 0.60557769 0.74619289], [0.99958437 0.91280353 0.75255392 0.68746953], [1.         0.89869281 0.72676372 0.74298375], [0.96518607 0.90728477 0.75604143 0.75192209], [0.99749687 0.88881579 0.75649463 0.75609004], [0.97326246 0.875      0.67232038 0.80372925], [0.98878924 0.86021505 0.64324324 0.80114286], [0.99964986 0.75960591 0.4237896  0.62155689]

Precision per Class:[1.         0.68918919 0.41949153 0.82414698], [0.98150163 0.68987342 0.47947598 0.8646978 ], [1.         0.65306122 0.48101266 0.86640472], [0.99792531 0.70382979 0.52       0.92732654], [0.99047619 0.72241681 0.55827957 0.92861538], [1.         0.72231986 0.56105892 0.9220616 ], [0.99979093 0.80608592 0.56492499 0.91271171], [0.99392319 0.69181722 0.59532749 0.8877381 ], [1.         0.81632653 0.55868545 0.86117936], [0.99825175 0.46670702 0.39631079 0.80371661]

PR AUC per Class:[1.0, 0.7794622762068179, 0.3906140734612223, 0.8833339211646516], [0.9999975458820374, 0.7814648396976703, 0.5093707827081451, 0.897347643957244], [1.0, 0.773825089912417, 0.48920043776595645, 0.9011722500909718], [0.9999864598062281, 0.9062450310469612, 0.5872656406402706, 0.9327765152054674], [0.9999567762095516, 0.9068550717331002, 0.6321458533495774, 0.9468896893180658], [0.9999964749924531, 0.8830401204326843, 0.6398274424761703, 0.9453218898272846], [0.9999975133000335, 0.9283481379321854, 0.6428594034888226, 0.941573541546457], [0.9995774868154511, 0.8413053157801643, 0.6419287077962751, 0.9381896895701993], [0.9999799020791637, 0.9180625885496583, 0.6365043632365774, 0.9124129534102284], [0.9999963225657084, 0.6017361588847074, 0.3651779480785501, 0.8281290326683547]

AVG PR per Class:[1.0, 0.7807442589817788, 0.3919372399570563, 0.8834260608199818], [0.9999975472401545, 0.7823085651994075, 0.5106015384982595, 0.8973846783952438], [1.0, 0.7747451951579383, 0.49189652625272273, 0.9012867352568587], [0.9999864626338996, 0.9063010078471676, 0.5876165831661544, 0.9327864640410353], [0.9999567805271853, 0.9069118877424495, 0.6324768311855077, 0.9468976777411042], [0.9999964755232573, 0.8831878479389793, 0.6400416842601327, 0.945329666348409], [0.999997513429486, 0.928377687622089, 0.6431010661125497, 0.9415789370879004], [0.9995775037621936, 0.8413678736553571, 0.6421468960586235, 0.9381940780025737], [0.9999799245982244, 0.9182559338106441, 0.6372493343709391, 0.9125058447442628], [0.9999963232094293, 0.6021906088573417, 0.36569913498303197, 0.8281766856227313]

Expected Calibration Error:0.07111714614007902, 0.04509273778813208, 0.03826066085861787, 0.03715958585922054, 0.02974284925301628, 0.0242975469686937, 0.03331796101227928, 0.054559650980512804, 0.06468744943544597, 0.008453072861796381

