Macro F1 Measure:0.7146, 0.8089, 0.7882, 0.7452, 0.7503, 0.7152, 0.7339, 0.7602, 0.7045, 0.7480
Mean Macro F1 Measure: 0.7469
STD Macro F1 Measure: 0.0312

Macro Recall:0.7320, 0.8201, 0.7994, 0.7627, 0.7693, 0.7550, 0.7551, 0.7879, 0.7477, 0.7723
Mean Macro Recall: 0.7701
STD Macro Recall: 0.0248

Macro Precision:0.7031, 0.7998, 0.7796, 0.7389, 0.7390, 0.7065, 0.7264, 0.7531, 0.6987, 0.7353
Mean Macro Precision: 0.7380
STD Macro Precision: 0.0311

Macro PR AUC:0.7289, 0.8514, 0.8314, 0.7778, 0.7763, 0.7496, 0.7606, 0.7964, 0.7376, 0.7722
Mean Macro PR AUC: 0.7782
STD Macro PR AUC: 0.0371

Macro AVG PR:0.7292, 0.8522, 0.8316, 0.7781, 0.7768, 0.7497, 0.7616, 0.7971, 0.7380, 0.7724
Mean Macro AVG PR: 0.7787
STD Macro AVG PR: 0.0372

F1 Measure per Class:[0.99909584 0.65898376 0.44328312 0.75692218], [0.99492386 0.76045627 0.6212766  0.85888502], [1.         0.7333975  0.58792924 0.83163392], [0.99771689 0.69328264 0.52991453 0.75982063], [1.         0.68434343 0.53195876 0.78503353], [0.99927746 0.67132867 0.49813045 0.69215292], [0.99709302 0.68933539 0.50231839 0.74676195], [1.         0.74213836 0.54474708 0.75394506], [1.         0.68476357 0.46083372 0.67252348], [0.99757576 0.71774194 0.50266241 0.77396074]

Recall per Class:[0.99819332 0.75149343 0.45460277 0.72380156], [1.         0.81967213 0.61087866 0.85      ], [1.         0.7791411  0.61681223 0.80153404], [1.         0.74018945 0.62091988 0.68967763], [1.         0.76553672 0.57847534 0.73302571], [0.99927746 0.84210526 0.58832188 0.59011894], [1.         0.7585034  0.59198543 0.66987179], [1.         0.81944444 0.66985646 0.66221766], [1.         0.85745614 0.57224118 0.5611729 ], [0.99939284 0.83264033 0.54566474 0.71132927]

Precision per Class:[1.         0.58675373 0.4325135  0.7932193 ], [0.98989899 0.70921986 0.63203463 0.86795775], [1.         0.69272727 0.56163022 0.86408269], [0.99544419 0.65196663 0.46217559 0.84584665], [1.         0.61872146 0.49236641 0.8449848 ], [0.99927746 0.55813953 0.43191643 0.83684723], [0.9942029  0.63172805 0.43624161 0.84359233], [1.         0.67816092 0.45901639 0.87516961], [1.         0.56997085 0.3857362  0.83900227], [0.99576528 0.63070866 0.46594274 0.84868629]

PR AUC per Class:[0.999994311643843, 0.6855204467448892, 0.3897642904474601, 0.840482262875067], [0.9998964025931956, 0.8255672976208944, 0.6558399908856628, 0.9243009844106975], [1.0, 0.8096296091833727, 0.5908279166509156, 0.9250266924288946], [1.0, 0.7552841222572841, 0.47867736091834745, 0.8774241827157101], [1.0, 0.7331816998726601, 0.478707081135924, 0.8932941327431312], [0.9999989558619348, 0.7212399808998236, 0.4365660291029023, 0.8404454183529108], [1.0, 0.7162940409168177, 0.44185286319918804, 0.8840618942849134], [0.9999999999999999, 0.8305125413407394, 0.46851286702406014, 0.8865227955509295], [1.0, 0.7302830364094398, 0.37017415136880916, 0.8501078777061895], [0.999926975908749, 0.7688689471558261, 0.44313577143376354, 0.8768028743843361]

AVG PR per Class:[0.9999943142023973, 0.6859493288409132, 0.39044742553264533, 0.8405423154532288], [0.999896928468357, 0.826998126946592, 0.6575045609153534, 0.9244361641590788], [1.0, 0.8098767602150158, 0.5913354428621004, 0.9250475153666862], [1.0, 0.7555527205769517, 0.47926914465459375, 0.8774595073952907], [1.0, 0.7341415221318957, 0.4795921803925642, 0.8933435535546898], [0.9999989562391524, 0.7214782723482949, 0.4370085553411549, 0.8404827682805679], [1.0, 0.7189203692875361, 0.4430700738844745, 0.8842905564501145], [0.9999999999999999, 0.830899131619666, 0.47084477545189396, 0.886615423061015], [1.0, 0.7308148316763426, 0.3710240344110991, 0.8501923557026557], [0.9999269985553498, 0.7690657419061827, 0.44380832261990155, 0.8768416376170136]

Expected Calibration Error:0.0554598974156628, 0.07770194229423369, 0.05788043686477143, 0.054975111541444494, 0.049145006009706914, 0.03666750353655998, 0.030957093861814194, 0.04267120995976921, 0.017869097616951126, 0.05688934439088418

