Macro F1 Measure:0.7504, 0.7516, 0.7561, 0.7220, 0.7576, 0.7235, 0.7458, 0.7957, 0.7435, 0.7453
Mean Macro F1 Measure: 0.7492
STD Macro F1 Measure: 0.0194

Macro Recall:0.7783, 0.7560, 0.7836, 0.7409, 0.7841, 0.7473, 0.7572, 0.7973, 0.7543, 0.7601
Mean Macro Recall: 0.7659
STD Macro Recall: 0.0176

Macro Precision:0.7381, 0.7481, 0.7474, 0.7126, 0.7458, 0.7143, 0.7420, 0.7953, 0.7358, 0.7390
Mean Macro Precision: 0.7418
STD Macro Precision: 0.0215

Macro PR AUC:0.7927, 0.7696, 0.7993, 0.7478, 0.7811, 0.7479, 0.7755, 0.8300, 0.7629, 0.7707
Mean Macro PR AUC: 0.7777
STD Macro PR AUC: 0.0236

Macro AVG PR:0.7927, 0.7697, 0.7995, 0.7481, 0.7812, 0.7482, 0.7757, 0.8302, 0.7631, 0.7710
Mean Macro AVG PR: 0.7779
STD Macro AVG PR: 0.0235

F1 Measure per Class:[0.99979411 0.68837423 0.51917404 0.79407318], [0.99205739 0.67741935 0.52078609 0.81632892], [0.97068848 0.72270065 0.54319654 0.78799842], [0.99826464 0.63096397 0.48030255 0.77847564], [0.9997298  0.7088892  0.53401609 0.78795191], [0.99975886 0.66310636 0.47500634 0.75630971], [0.99955056 0.68474576 0.50735098 0.79140259], [0.99902248 0.72747374 0.60128963 0.85514918], [0.99973126 0.66281653 0.50200803 0.80950073], [1.         0.71150442 0.49760349 0.77224451]

Recall per Class:[0.99979411 0.82291667 0.56984274 0.72073556], [0.98423996 0.70230805 0.53688312 0.80075836], [0.94304636 0.84460548 0.63563606 0.7109528 ], [0.9965353  0.73972603 0.50197628 0.72540335], [0.99967578 0.82349103 0.60032895 0.71309553], [0.99951784 0.77042399 0.53824037 0.68104777], [0.99910153 0.70794393 0.58798017 0.73377619], [0.99804688 0.71755725 0.63651877 0.83722026], [1.         0.71319312 0.5279831  0.7760223 ], [1.         0.75849057 0.571      0.71099522]

Precision per Class:[0.99979411 0.59164367 0.47678019 0.88402626], [1.         0.65423431 0.50562622 0.83251702], [1.         0.63154726 0.47423004 0.88377242], [1.         0.55008489 0.46042296 0.83992674], [0.99978383 0.62228797 0.48089592 0.88036749], [1.         0.58203125 0.42506812 0.85027252], [1.         0.66301969 0.44616831 0.85885167], [1.         0.73766816 0.5697556  0.8738628 ], [0.99946265 0.61908714 0.4784689  0.84599797], [1.         0.67       0.44092664 0.84504132]

PR AUC per Class:[0.9999993236476472, 0.7723671098134581, 0.487045463389296, 0.9111912748420632], [0.9999960473131729, 0.7134280860045623, 0.47287359669913676, 0.8920384177469862], [0.999997267532914, 0.7928296811870477, 0.49841228357552747, 0.9060693218464562], [0.9999984999637122, 0.675406554202718, 0.4350533058498323, 0.8807879221427158], [0.9999795135343093, 0.7499497707436978, 0.4701478494999419, 0.9043731114061602], [1.0, 0.697705181008146, 0.42389262923598714, 0.8698086374306331], [0.9999983876666174, 0.7309646534075519, 0.4743728847757719, 0.8965563808151547], [0.9999991531164415, 0.7900297158002503, 0.5992166057242958, 0.9307818219499081], [0.9999968127210447, 0.7135057711572738, 0.43709918555372224, 0.9010896737708491], [1.0, 0.7764869534998261, 0.4130110459420324, 0.8932103217179419]

AVG PR per Class:[0.99999932371708, 0.7724524986453881, 0.48732376706843905, 0.9112029824874637], [0.9999960478169804, 0.7136836869279409, 0.47313515442426535, 0.8920491785799263], [0.9999972681368924, 0.7929505056489243, 0.49882746162321, 0.9060846248695535], [0.9999985002884315, 0.6758091810709741, 0.4358134484653965, 0.8808187733594994], [0.9999795148041655, 0.7501663176422546, 0.47030672690849057, 0.9043806442487498], [1.0, 0.6985028124948871, 0.4243356731356992, 0.8698473767013044], [0.9999983883899611, 0.7311703605507154, 0.47498434901578446, 0.8965772430428522], [0.9999991533918507, 0.7901637907147325, 0.599738963011012, 0.930794515585569], [0.999996813579923, 0.7136826653361446, 0.43758302310659675, 0.9011095425867541], [1.0, 0.7767611836179152, 0.41393505075202264, 0.8932450271338402]

Expected Calibration Error:0.04605253610915164, 0.06897113740540266, 0.04557471525859899, 0.03340491782854919, 0.039110317564847175, 0.030513372238753757, 0.04374449924419636, 0.0770091905611917, 0.06551395820188603, 0.03833369437462644

