Macro F1 Measure:0.7701, 0.7175, 0.7812, 0.7304, 0.7844, 0.7484, 0.7504, 0.8180, 0.7543, 0.7768
Mean Macro F1 Measure: 0.7632
STD Macro F1 Measure: 0.0276

Macro Recall:0.7899, 0.7359, 0.7874, 0.7361, 0.8043, 0.7614, 0.7655, 0.8338, 0.7613, 0.7944
Mean Macro Recall: 0.7770
STD Macro Recall: 0.0292

Macro Precision:0.7619, 0.7070, 0.7786, 0.7252, 0.7720, 0.7391, 0.7451, 0.8078, 0.7504, 0.7725
Mean Macro Precision: 0.7560
STD Macro Precision: 0.0274

Macro PR AUC:0.8161, 0.7315, 0.8126, 0.7477, 0.8154, 0.7748, 0.7869, 0.8685, 0.7801, 0.8389
Mean Macro PR AUC: 0.7972
STD Macro PR AUC: 0.0393

Macro AVG PR:0.8163, 0.7318, 0.8129, 0.7534, 0.8157, 0.7750, 0.7874, 0.8686, 0.7803, 0.8389
Mean Macro AVG PR: 0.7980
STD Macro AVG PR: 0.0385

F1 Measure per Class:[0.99943343 0.72114695 0.55917789 0.80047553], [0.99937952 0.62458194 0.46033955 0.7857716 ], [1.         0.77221655 0.54116466 0.81128834], [0.98305085 0.78688525 0.37931034 0.77241379], [1.         0.74327273 0.57208238 0.8223771 ], [0.99942496 0.70510875 0.50200573 0.78696669], [0.99548533 0.69565217 0.53450808 0.77599324], [0.99947155 0.83461429 0.61273867 0.82524048], [0.99761337 0.76573939 0.49560229 0.75844259], [0.98885273 0.7767406  0.64121304 0.70037655]

Recall per Class:[0.9988675  0.7834891  0.64884868 0.72845294], [1.         0.73235294 0.46382501 0.7475827 ], [1.         0.7761807  0.60022272 0.77315248], [1.         0.8        0.36666667 0.77777778], [1.         0.81891026 0.6281407  0.77001764], [1.         0.76846748 0.52581032 0.75139509], [1.         0.73394495 0.62010221 0.7077872 ], [1.         0.88687235 0.67264    0.77586456], [1.         0.78176383 0.54271357 0.72092145], [0.97795124 0.87921675 0.69845317 0.6218575 ]

Precision per Class:[1.         0.66799469 0.49128269 0.88830255], [0.99875982 0.54446064 0.45690608 0.82807215], [1.         0.76829268 0.49268739 0.85338152], [0.96666667 0.77419355 0.39285714 0.76712329], [1.         0.6804261  0.52521008 0.88237672], [0.99885057 0.65140187 0.48026316 0.82607362], [0.99101124 0.66115702 0.46967742 0.85874649], [0.99894366 0.78817204 0.56263383 0.88132807], [0.9952381  0.75035868 0.45601689 0.80008382], [1.         0.69565884 0.59264423 0.80158952]

PR AUC per Class:[1.0, 0.7964599878503686, 0.5466359520025041, 0.9211223399031285], [1.0, 0.6206013594068023, 0.4285743981848905, 0.8766789158144077], [0.9999999999999999, 0.8372524165301884, 0.49733438912698885, 0.9156410989658927], [0.9999999999999998, 0.7387938512552781, 0.3845617697892644, 0.8675212500439624], [0.9999999999999999, 0.8092044627094919, 0.5370978133264288, 0.9151638978015347], [0.9999985263805483, 0.7499986827447946, 0.47209600051090184, 0.8772522468749525], [0.9999482382240227, 0.78476852519399, 0.4717041819370693, 0.8910903112571742], [0.9999994611219769, 0.9248865043922443, 0.6184977915993863, 0.9307752777329313], [0.9999896788772709, 0.8543383493741554, 0.4463668766140996, 0.8197353003580355], [0.9999957173721605, 0.8772709909918353, 0.6570353414052491, 0.8212053969095126]

AVG PR per Class:[1.0, 0.796675625219941, 0.5472874873939448, 0.9211402792777121], [1.0, 0.621565405659092, 0.4290608664364003, 0.8767411048028454], [0.9999999999999999, 0.8374615549473491, 0.49850190315422443, 0.9156644680579753], [0.9999999999999998, 0.7498717505131957, 0.39551759908482204, 0.8680855586780459], [0.9999999999999999, 0.8094172182111862, 0.5379303472672272, 0.9154018190015054], [0.9999985266636108, 0.7503076735572038, 0.47247280207095177, 0.8773576859520781], [0.9999482973048817, 0.7850880396069086, 0.4734661064900337, 0.8911428632584754], [0.9999994611536629, 0.9249099148454497, 0.6186522167819811, 0.9307813007044289], [0.9999896824193119, 0.854472058921851, 0.4468662862534104, 0.8198587793725237], [0.9999957174386666, 0.8772783138249435, 0.6570665159717904, 0.8212111830639068]

Expected Calibration Error:0.06062001549901304, 0.04309258968247155, 0.056251405431777576, 0.08995026372684724, 0.07199664083055295, 0.036890883904948546, 0.03236452936227145, 0.024950437038251665, 0.016549437030885468, 0.020831318203361995

