Macro F1 Measure:0.7161, 0.8002, 0.7803, 0.7381, 0.7407, 0.7170, 0.7324, 0.7641, 0.7127, 0.7503
Mean Macro F1 Measure: 0.7452
STD Macro F1 Measure: 0.0275

Macro Recall:0.7264, 0.8148, 0.7913, 0.7517, 0.7603, 0.7439, 0.7416, 0.7914, 0.7442, 0.7696
Mean Macro Recall: 0.7635
STD Macro Recall: 0.0264

Macro Precision:0.7089, 0.7885, 0.7726, 0.7351, 0.7294, 0.7038, 0.7273, 0.7540, 0.7010, 0.7380
Mean Macro Precision: 0.7359
STD Macro Precision: 0.0275

Macro PR AUC:0.7302, 0.8478, 0.8203, 0.7642, 0.7663, 0.7431, 0.7489, 0.7811, 0.7221, 0.7695
Mean Macro PR AUC: 0.7693
STD Macro PR AUC: 0.0371

Macro AVG PR:0.7304, 0.8490, 0.8205, 0.7645, 0.7668, 0.7433, 0.7501, 0.7817, 0.7227, 0.7697
Mean Macro AVG PR: 0.7699
STD Macro AVG PR: 0.0373

F1 Measure per Class:[0.99819005 0.64856056 0.43881579 0.77872638], [0.99492386 0.74242424 0.61382114 0.84977778], [0.99778271 0.72922776 0.57546694 0.81861635], [0.99828669 0.68970013 0.51315789 0.75138715], [1.         0.67       0.51581843 0.77707006], [0.99891658 0.66974952 0.47367221 0.72572785], [0.99564586 0.67434211 0.49177632 0.76772824], [1.         0.74534161 0.54417671 0.76683938], [1.         0.68061874 0.45558313 0.71469248], [0.99756691 0.71383506 0.49495241 0.79480806]

Recall per Class:[0.99638663 0.71326165 0.42055485 0.77536232], [1.         0.80327869 0.63179916 0.82413793], [1.         0.76278119 0.62227074 0.77996165], [1.         0.71583221 0.60756677 0.68349072], [1.         0.75706215 0.56053812 0.72379697], [0.99927746 0.80240074 0.50981354 0.6642269 ], [1.         0.69727891 0.54462659 0.72435897], [1.         0.83333333 0.64832536 0.68377823], [1.         0.82017544 0.5221843  0.63447927], [0.99574985 0.82328482 0.49595376 0.76359777]

Precision per Class:[1.         0.59462151 0.45873453 0.78211976], [0.98989899 0.69014085 0.59683794 0.87706422], [0.99557522 0.69850187 0.53521127 0.86130228], [0.99657925 0.66540881 0.44414317 0.83426073], [1.         0.60089686 0.47770701 0.83880825], [0.99855596 0.57473545 0.44231588 0.79977968], [0.99132948 0.65286624 0.44827586 0.8166215 ], [1.         0.6741573  0.46885813 0.87287025], [1.         0.58164852 0.4040493  0.81812256], [0.99939062 0.6300716  0.49395509 0.82867838]

PR AUC per Class:[1.0, 0.6799245152604699, 0.4045376585442392, 0.8362038369170834], [0.9997917425932814, 0.8217415676662114, 0.6418797228189381, 0.9278390917546052], [0.999995610420423, 0.7954936777733665, 0.5649863394743917, 0.9205348435013985], [0.9999519875257638, 0.7333432874565736, 0.46187910838333984, 0.8615398389662443], [1.0, 0.70994986158479, 0.4625158514019493, 0.8926521722953222], [0.9999932030275249, 0.7029266890223311, 0.4422133993889464, 0.8273740551239915], [1.0, 0.6867828685374675, 0.4402591017118389, 0.8685184147404069], [1.0, 0.8144383186041609, 0.42955604515631096, 0.8803698309682052], [0.9999999999999999, 0.6812247385992505, 0.37031470926603405, 0.8369925051826852], [0.9999798198117127, 0.7510574379372822, 0.4527573164627933, 0.8742725442101026]

AVG PR per Class:[1.0, 0.6802500409469575, 0.4050551208936579, 0.836267827391075], [0.9997928051863911, 0.8229636219562395, 0.6451427984931629, 0.9279396604967453], [0.999995613671967, 0.7957880373187558, 0.5655717460085354, 0.9205569458051687], [0.9999520155124306, 0.7338025974723512, 0.46261308111196053, 0.8615992363409088], [1.0, 0.7107963002626925, 0.46359022094685665, 0.8926982505817846], [0.9999932054867475, 0.7032476134391044, 0.4425080384220908, 0.8274396347811908], [1.0, 0.6894272427547962, 0.44211949396129213, 0.8688241047668208], [1.0, 0.8149014422210586, 0.4313616349088194, 0.8804668393101002], [0.9999999999999999, 0.6823447345306853, 0.3712203822250233, 0.8370701628942888], [0.9999798260226769, 0.7512616868990853, 0.4534291071337483, 0.8743116963265575]

Expected Calibration Error:0.03140371332814365, 0.048800136259361686, 0.028863129853858905, 0.03025404932051504, 0.026409721164308855, 0.02957995415700776, 0.025716887405884507, 0.021419499629677038, 0.009759733324336904, 0.03283225037396455

