Macro F1 Measure:0.7623, 0.7165, 0.7697, 0.7398, 0.7767, 0.7410, 0.7382, 0.8063, 0.7311, 0.7841
Mean Macro F1 Measure: 0.7566
STD Macro F1 Measure: 0.0264

Macro Recall:0.7865, 0.7368, 0.7855, 0.7312, 0.7869, 0.7561, 0.7463, 0.8259, 0.7427, 0.7923
Mean Macro Recall: 0.7690
STD Macro Recall: 0.0292

Macro Precision:0.7524, 0.7071, 0.7686, 0.7499, 0.7690, 0.7306, 0.7362, 0.7986, 0.7284, 0.7863
Mean Macro Precision: 0.7527
STD Macro Precision: 0.0268

Macro PR AUC:0.8046, 0.7240, 0.8010, 0.7346, 0.8049, 0.7671, 0.7722, 0.8556, 0.7534, 0.8378
Mean Macro PR AUC: 0.7855
STD Macro PR AUC: 0.0407

Macro AVG PR:0.8049, 0.7243, 0.8012, 0.7426, 0.8052, 0.7673, 0.7726, 0.8556, 0.7537, 0.8378
Mean Macro AVG PR: 0.7865
STD Macro AVG PR: 0.0397

F1 Measure per Class:[0.9991499  0.71289875 0.54648687 0.79080919], [0.99979309 0.61809045 0.4764874  0.77144438], [0.99889746 0.75626881 0.5461154  0.77754678], [1.         0.80701754 0.37931034 0.77288136], [0.99048573 0.73353293 0.55327704 0.82951654], [0.99904123 0.69037037 0.48743425 0.78706671], [0.99773756 0.67969925 0.50746269 0.76770186], [0.99953019 0.82410051 0.60139478 0.80019113], [0.99591559 0.73714699 0.47445516 0.71677019], [0.99782033 0.80508316 0.64171419 0.69166198]

Recall per Class:[0.99830125 0.80062305 0.63322368 0.71366751], [1.         0.72352941 0.51430174 0.70941476], [0.99889746 0.77412731 0.66926503 0.69971936], [1.         0.76666667 0.36666667 0.79166667], [0.98115079 0.78525641 0.57621441 0.80493827], [0.99923283 0.77067255 0.50060024 0.75390625], [1.         0.6911315  0.57921635 0.71472629], [0.9998825  0.87295826 0.70368    0.72695703], [1.         0.76083707 0.5561139  0.65370091], [0.99654808 0.83520744 0.72372372 0.61356433]

Precision per Class:[1.         0.6425     0.48064919 0.88664875], [0.99958626 0.53947368 0.44385286 0.84536082], [0.99889746 0.73921569 0.46124328 0.8748538 ], [1.         0.85185185 0.39285714 0.75496689], [1.         0.68820225 0.5320959  0.85564304], [0.99884969 0.62522361 0.47494305 0.82327849], [0.99548533 0.66863905 0.45152722 0.82915921], [0.99917811 0.78042185 0.52507163 0.88983351], [0.99186441 0.71488764 0.41370717 0.79330889], [0.99909584 0.77705628 0.57639892 0.79254066]

PR AUC per Class:[0.9999999999999999, 0.780393451166605, 0.5207388605130773, 0.9173544570421523], [1.0, 0.6105521530110831, 0.4133146119428576, 0.8721483102293265], [0.9999987850841134, 0.8313846762615684, 0.46506567556059136, 0.9074377248703328], [0.9999999999999998, 0.7187778873115029, 0.36138915066262367, 0.8582894431781434], [0.9999573357730968, 0.7801379054085232, 0.5317011030046026, 0.9077893454771552], [0.9999948331213928, 0.7327468986217921, 0.4631419830401294, 0.8724672108246634], [0.9999794789185553, 0.7564422819330886, 0.45701821986389796, 0.8753353584816154], [0.9999976314411594, 0.9127150492687943, 0.5847124128493307, 0.9248938436959693], [0.9998524322608233, 0.8278623347971943, 0.39052071951457623, 0.795462260354389], [0.9999884410951718, 0.8895357434551127, 0.6494673248080166, 0.812166717545122]

AVG PR per Class:[0.9999999999999999, 0.7806353155957718, 0.5214705344851566, 0.917373633550877], [1.0, 0.6111273114719218, 0.4139427931519541, 0.8722067149816105], [0.9999987857534886, 0.8315860671204897, 0.4658157655261547, 0.9074638062207614], [0.9999999999999998, 0.7379905387809846, 0.3736506272515363, 0.8588503164399128], [0.9999573566284689, 0.7804452686118107, 0.5324106442365774, 0.9079032157314825], [0.9999948341156628, 0.733002065933368, 0.4636672355905142, 0.872519095283216], [0.9999795021325077, 0.756849734706873, 0.4581792257724624, 0.8754000913739854], [0.9999976315807725, 0.9127443758375107, 0.5848932234257473, 0.9249005335743319], [0.9998524834934586, 0.8280281506922023, 0.39115252911857423, 0.7955975021525719], [0.9999884412751692, 0.8895417846158234, 0.649497238782418, 0.81217321289811]

Expected Calibration Error:0.031079882287375345, 0.024215086156103138, 0.021065284705323498, 0.07567293290402959, 0.05442102526927706, 0.01840632367710829, 0.03594653117351043, 0.01868500645798027, 0.02968894369753059, 0.027829011511190233

