Macro F1 Measure:0.7234, 0.7497, 0.7431, 0.6199, 0.8269, 0.8325, 0.8133, 0.7995, 0.8090, 0.6833
Mean Macro F1 Measure: 0.7601
STD Macro F1 Measure: 0.0662

Macro Recall:0.7450, 0.7769, 0.7796, 0.6762, 0.8434, 0.8445, 0.8390, 0.8302, 0.8312, 0.7035
Mean Macro Recall: 0.7870
STD Macro Recall: 0.0585

Macro Precision:0.7116, 0.7368, 0.7268, 0.6852, 0.8142, 0.8226, 0.8090, 0.7864, 0.8019, 0.6751
Mean Macro Precision: 0.7570
STD Macro Precision: 0.0533

Macro PR AUC:0.7565, 0.7829, 0.7734, 0.7314, 0.8691, 0.8839, 0.8690, 0.8597, 0.8497, 0.6994
Mean Macro PR AUC: 0.8075
STD Macro PR AUC: 0.0631

Macro AVG PR:0.7570, 0.7833, 0.7742, 0.7317, 0.8692, 0.8840, 0.8691, 0.8598, 0.8500, 0.6996
Mean Macro AVG PR: 0.8078
STD Macro AVG PR: 0.0630

F1 Measure per Class:[0.99834163 0.69230769 0.45287638 0.75      ], [0.99833979 0.70196078 0.53631895 0.76216216], [0.99722992 0.67278287 0.51933702 0.78285182], [0.5826215  0.47977878 0.60426643 0.81285141], [0.99921569 0.83458271 0.62422108 0.84959142], [0.99924936 0.83954451 0.63720799 0.85413929], [0.99698011 0.8305875  0.62856344 0.79715365], [0.99659998 0.79593829 0.60207328 0.80326087], [0.99775785 0.84102564 0.60335196 0.79391249], [0.99930021 0.59845088 0.41403305 0.72130081]

Recall per Class:[1.         0.78640777 0.50135501 0.69204545], [1.         0.81363636 0.60393604 0.69004894], [1.         0.84615385 0.56175299 0.7106599 ], [0.41105569 0.76600442 0.7877412  0.74012677], [1.         0.90958606 0.6450168  0.81905465], [0.99879952 0.89514349 0.65132336 0.8329062 ], [0.99853984 0.87894737 0.77900935 0.69950663], [1.         0.91308244 0.69093051 0.71685708], [0.99775785 0.88172043 0.72972973 0.71542857], [1.         0.72315271 0.42677824 0.66407186]

Precision per Class:[0.99668874 0.61832061 0.41294643 0.81854839], [0.99668508 0.61724138 0.48231827 0.85110664], [0.99447514 0.55837563 0.48287671 0.87136929], [1.         0.34927026 0.49011299 0.90142518], [0.9984326  0.77100646 0.60472441 0.88249337], [0.99969961 0.79044834 0.62369146 0.87648328], [0.99542524 0.78727166 0.52682127 0.9264856 ], [0.99322301 0.70543441 0.53346672 0.91334798], [0.99775785 0.80392157 0.51428571 0.89173789], [0.9986014  0.51043115 0.40202703 0.78932384]

PR AUC per Class:[1.0, 0.7748738826533516, 0.3817080580078329, 0.8693173704511263], [0.9999975458820374, 0.7676650713869668, 0.4771657170850873, 0.8866012719699952], [1.0, 0.751285656403939, 0.4546986744892419, 0.8876978081324858], [0.9894867661954427, 0.41816199365484363, 0.5920250408217589, 0.9259210293310914], [0.9999840479271717, 0.9062806066509509, 0.6279415029283553, 0.9422948328312127], [0.9999956853393045, 0.9175241938933528, 0.6709405059318142, 0.9472176839591806], [0.9999803527530915, 0.9136745218051467, 0.6219902561052479, 0.9404995938787017], [0.9999981487570364, 0.9096671084331096, 0.5955606503282982, 0.9337707979335407], [0.999928825738275, 0.9101345439099483, 0.5863223425322732, 0.9025422764642528], [0.9999982844413527, 0.6031420396760827, 0.37156748972193854, 0.8227591847981767]

AVG PR per Class:[1.0, 0.7756323349296732, 0.38300968584212325, 0.869434286593231], [0.9999975472401547, 0.7683513043056943, 0.47800401895081246, 0.886662354637532], [1.0, 0.7523439614151741, 0.45652877346967374, 0.8878588560238534], [0.9894892439500385, 0.41882787795406473, 0.5923832537368111, 0.9259320569017401], [0.9999840495206134, 0.9063416701692043, 0.6281614916436415, 0.9423039889178682], [0.9999956859854487, 0.917593348167745, 0.6711020635821423, 0.9472251418863493], [0.9999803537688736, 0.913712746144132, 0.6221593017225874, 0.9405051067811384], [0.9999981488307488, 0.9096866212284203, 0.5957170004067701, 0.9337756029709116], [0.9999289064358259, 0.9103580319965109, 0.5872092792029735, 0.9026890000079617], [0.9999982847415534, 0.6035181986851674, 0.3720950715145914, 0.8228102506216174]

Expected Calibration Error:0.043343920914078626, 0.011012689793891898, 0.02661894241140949, 0.05445982834101763, 0.039550940316315585, 0.035773355677485526, 0.017671996474667693, 0.0280908962042469, 0.036043732104049965, 0.026054454461672635

