Macro F1 Measure:0.7521, 0.7364, 0.7203, 0.7126, 0.7541, 0.7240, 0.7355, 0.7767, 0.7449, 0.7286
Mean Macro F1 Measure: 0.7385
STD Macro F1 Measure: 0.0181

Macro Recall:0.7680, 0.7567, 0.7461, 0.7211, 0.7757, 0.7359, 0.7510, 0.7710, 0.7495, 0.7482
Mean Macro Recall: 0.7523
STD Macro Recall: 0.0157

Macro Precision:0.7488, 0.7312, 0.7241, 0.7076, 0.7473, 0.7180, 0.7294, 0.7835, 0.7437, 0.7257
Mean Macro Precision: 0.7359
STD Macro Precision: 0.0201

Macro PR AUC:0.7816, 0.7550, 0.7438, 0.7278, 0.7699, 0.7390, 0.7696, 0.8071, 0.7660, 0.7588
Mean Macro PR AUC: 0.7619
STD Macro PR AUC: 0.0216

Macro AVG PR:0.7817, 0.7551, 0.7441, 0.7281, 0.7700, 0.7394, 0.7698, 0.8073, 0.7661, 0.7591
Mean Macro AVG PR: 0.7621
STD Macro AVG PR: 0.0215

F1 Measure per Class:[0.99794535 0.68693167 0.53915076 0.78444208], [0.99974587 0.67138264 0.51195284 0.7625612 ], [0.9227478  0.65319865 0.53773266 0.76769308], [0.99891845 0.60748663 0.47022713 0.77363226], [0.99962172 0.70854941 0.53303385 0.77539407], [0.99903661 0.65089329 0.47424282 0.77196365], [1.         0.67067176 0.49067661 0.78045385], [0.99643205 0.69756925 0.55693215 0.85605536], [0.99946237 0.654268   0.5191022  0.80677801], [0.99865772 0.67657343 0.49304988 0.74594595]

Recall per Class:[1.         0.7247807  0.64014801 0.70714972], [1.         0.73763542 0.60909091 0.68011031], [0.85695364 0.78099839 0.66933446 0.67711487], [1.         0.64840183 0.50461133 0.73141411], [0.99956771 0.78009788 0.62883772 0.69432986], [1.         0.69700103 0.52673951 0.71982537], [1.         0.71728972 0.57063197 0.71614716], [1.         0.67284624 0.53697383 0.87420495], [0.99946237 0.65583174 0.57391763 0.7688197 ], [1.         0.73018868 0.603      0.65971317]

Precision per Class:[0.99589912 0.65283951 0.46567968 0.88070415], [0.99949187 0.61605035 0.44153643 0.86776133], [0.99948507 0.56134259 0.44937783 0.88624709], [0.99783924 0.57142857 0.44022989 0.82102273], [0.99967575 0.6490228  0.46256217 0.87788914], [0.99807507 0.61050725 0.43126177 0.83224466], [1.         0.62974359 0.43037383 0.85744876], [0.99288946 0.7241784  0.57843137 0.83864407], [0.99946237 0.6527117  0.47384481 0.84867915], [0.99731903 0.63029316 0.41701245 0.85811193]

PR AUC per Class:[0.9999984736864234, 0.7486323365740871, 0.47959603890854474, 0.8982029010415511], [0.9999970109743712, 0.7012481247555409, 0.42993995080584924, 0.8886582076395402], [0.9988223469432614, 0.5861576624915615, 0.4855686211443574, 0.9046144081649253], [0.9999996248696774, 0.619781786708904, 0.4200176925255273, 0.8712141700203762], [0.9999418537873, 0.737932128945125, 0.4462389340806624, 0.8956253942076662], [0.9999990696377319, 0.6720763142251835, 0.4248431121096755, 0.859226315264777], [1.0, 0.7220993320536031, 0.46270118045531144, 0.8934428491465437], [0.9999876797418416, 0.7517463578921768, 0.557708372730068, 0.9190104594842969], [0.9999610673627872, 0.7133837898129077, 0.45346315261883907, 0.8970382147900162], [1.0, 0.7469722601032046, 0.3996334748961617, 0.8885445629978828]

AVG PR per Class:[0.9999984738435767, 0.7487324879462773, 0.47984021463029786, 0.8982228764220671], [0.999997011356413, 0.7015129777474247, 0.43016975869953483, 0.8886695856114399], [0.9988225950987817, 0.5868383113236395, 0.48598820625778205, 0.9046292014046255], [0.9999996249509095, 0.620243080931128, 0.42074921544650795, 0.8712461997129839], [0.999941778117838, 0.7381966018737136, 0.4462954378534398, 0.8956339476807031], [0.9999990698621319, 0.6729028027446462, 0.4252668003792759, 0.8592782030392476], [1.0, 0.7223166878302557, 0.46339230786217417, 0.8934652805952483], [0.9999876837616604, 0.7519635052564905, 0.5582270746436773, 0.919027999821237], [0.9999610782109694, 0.7135577394919673, 0.4539835624005915, 0.8970622039697634], [1.0, 0.747236523641397, 0.40042404414564015, 0.8885789576600558]

Expected Calibration Error:0.03787348997474488, 0.022546644482415317, 0.03311586263865002, 0.012162935333601204, 0.025057149574665143, 0.022308472199513686, 0.02347435988759111, 0.04263487556912253, 0.05180982588045629, 0.02133785508369487

