Macro F1 Measure:0.7575, 0.7548, 0.7722, 0.7213, 0.7677, 0.7406, 0.7610, 0.7964, 0.7451, 0.7542
Mean Macro F1 Measure: 0.7571
STD Macro F1 Measure: 0.0190

Macro Recall:0.7768, 0.7678, 0.8006, 0.7468, 0.7902, 0.7548, 0.7658, 0.7858, 0.7664, 0.7732
Mean Macro Recall: 0.7728
STD Macro Recall: 0.0154

Macro Precision:0.7468, 0.7464, 0.7622, 0.7122, 0.7554, 0.7337, 0.7576, 0.8094, 0.7328, 0.7424
Mean Macro Precision: 0.7499
STD Macro Precision: 0.0241

Macro PR AUC:0.7829, 0.7808, 0.8121, 0.7509, 0.7870, 0.7646, 0.7888, 0.8335, 0.7690, 0.7757
Mean Macro PR AUC: 0.7845
STD Macro PR AUC: 0.0225

Macro AVG PR:0.7831, 0.7809, 0.8123, 0.7512, 0.7871, 0.7648, 0.7891, 0.8336, 0.7692, 0.7761
Mean Macro AVG PR: 0.7847
STD Macro AVG PR: 0.0224

F1 Measure per Class:[0.99023072 0.69531627 0.53570413 0.80877605], [0.99923684 0.69081388 0.52371779 0.80539195], [0.9997793  0.75899281 0.54832486 0.78156313], [0.99978341 0.64011246 0.48029331 0.76507714], [0.99972986 0.725      0.54486378 0.80134887], [1.         0.67752755 0.502693   0.78236762], [0.9968652  0.69791667 0.52414194 0.82501646], [0.99934938 0.71962617 0.59583211 0.87074206], [0.99973126 0.67599835 0.50163194 0.80297214], [0.99798793 0.71694915 0.50806823 0.79396752]

Recall per Class:[0.98085238 0.78947368 0.58063521 0.7562783 ], [0.99847483 0.74564296 0.56493506 0.76203608], [1.         0.84943639 0.65838248 0.69456812], [0.99956691 0.77968037 0.51778656 0.69028788], [0.99989193 0.82316476 0.59758772 0.74003074], [1.         0.7311272  0.56354227 0.72470467], [1.         0.70443925 0.5582404  0.80045989], [1.         0.67175573 0.57736064 0.8942285 ], [1.         0.78489484 0.52745512 0.75325279], [1.         0.79811321 0.551      0.74358974]

Precision per Class:[0.99979014 0.62122519 0.49722736 0.86910582], [1.         0.64349593 0.48810592 0.85397888], [0.99955869 0.68595579 0.46979261 0.89347079], [1.         0.54292528 0.44786325 0.85804168], [0.99956785 0.64775353 0.50068902 0.87374654], [1.        0.63125   0.4537037 0.85     ], [0.99375    0.69151376 0.4939693  0.85112741], [0.99869961 0.77484277 0.61552456 0.84845776], [0.99946265 0.59363702 0.47821924 0.85971891], [0.99598394 0.65076923 0.47134303 0.8516675 ]

PR AUC per Class:[0.9998842740620065, 0.7053194908711797, 0.5124993746835111, 0.9139430685935542], [1.0, 0.7531493291454578, 0.4740083744749578, 0.8958647003559581], [0.9999996101535128, 0.8380577029778639, 0.5018713317093841, 0.9086388861479062], [1.0, 0.6860666978737331, 0.4329098342169273, 0.884678007281303], [0.9999717866409632, 0.7594184390060291, 0.48109282331337366, 0.907480624921313], [1.0, 0.7247710790220019, 0.4571200961357993, 0.8763899512706459], [0.9999983876666174, 0.747097133999428, 0.5052612125772722, 0.9029792245130339], [0.9999995762826323, 0.7908459260053807, 0.6127572480616731, 0.930474379308957], [0.999990380911019, 0.7229815200413041, 0.44952495183990354, 0.9034656185843333], [1.0, 0.7718699122356554, 0.4309806722673966, 0.9000401171699719]

AVG PR per Class:[0.9998842857597491, 0.7057530295131214, 0.5126753480031798, 0.9139582217398643], [1.0, 0.7532493244727282, 0.47429823874900173, 0.8958750165233504], [0.9999996102395716, 0.838142358548059, 0.5023465000950766, 0.9086561002987075], [1.0, 0.6863991851623128, 0.4336549034333462, 0.884709985354518], [0.9999717885745025, 0.759622658255788, 0.48130271826044146, 0.9074875698768708], [1.0, 0.7252330679833752, 0.4575521763411059, 0.8764246836618256], [0.9999983883899612, 0.747277982848259, 0.5059291084202582, 0.902997825193564], [0.9999995764205162, 0.7909953430783211, 0.6131007321048032, 0.9304862694055713], [0.9999903835186638, 0.7231590083028219, 0.45005751194142074, 0.9034861433761293], [1.0, 0.7722616888766722, 0.43199007976405024, 0.9000704621869827]

Expected Calibration Error:0.05497418809730834, 0.06999319856490964, 0.05718475173725879, 0.03654682194380164, 0.05879751667274086, 0.051196635745213215, 0.05498520170702557, 0.09893722407865208, 0.06267420876843234, 0.04921782259081234

