Macro F1 Measure:0.7091, 0.8228, 0.7937, 0.7381, 0.7635, 0.7037, 0.7556, 0.7623, 0.7394, 0.7459
Mean Macro F1 Measure: 0.7534
STD Macro F1 Measure: 0.0340

Macro Recall:0.7323, 0.8407, 0.8018, 0.7538, 0.7731, 0.7440, 0.7698, 0.7869, 0.7686, 0.7700
Mean Macro Recall: 0.7741
STD Macro Recall: 0.0292

Macro Precision:0.7026, 0.8098, 0.7872, 0.7289, 0.7569, 0.6952, 0.7466, 0.7539, 0.7251, 0.7377
Mean Macro Precision: 0.7444
STD Macro Precision: 0.0334

Macro PR AUC:0.7370, 0.8652, 0.8372, 0.7687, 0.7782, 0.7386, 0.7832, 0.8072, 0.7590, 0.7720
Mean Macro PR AUC: 0.7846
STD Macro PR AUC: 0.0391

Macro AVG PR:0.7372, 0.8657, 0.8375, 0.7689, 0.7788, 0.7388, 0.7839, 0.8078, 0.7595, 0.7722
Mean Macro AVG PR: 0.7850
STD Macro AVG PR: 0.0392

F1 Measure per Class:[0.99819005 0.639413   0.47469366 0.72407291], [1.         0.77272727 0.6614786  0.85688406], [0.99925981 0.73746313 0.59696811 0.84127376], [0.98368036 0.67905189 0.52119205 0.76866456], [1.         0.71447903 0.54256055 0.79696133], [0.98470295 0.65173572 0.49447853 0.68402495], [0.9985444  0.69085174 0.53556485 0.79761905], [0.997669   0.73460722 0.5526839  0.76409666], [1.         0.69908257 0.4950598  0.76335455], [0.99939284 0.7134342  0.51243781 0.75851808]

Recall per Class:[0.99638663 0.72879331 0.56179067 0.64214047], [1.         0.83606557 0.71129707 0.81551724], [1.         0.76687117 0.62336245 0.8168744 ], [1.         0.71718539 0.58382789 0.71409964], [1.         0.74576271 0.58594918 0.76071193], [1.         0.80609418 0.59322866 0.5768527 ], [1.         0.74489796 0.58287796 0.75160256], [1.         0.80092593 0.66507177 0.68172485], [1.         0.83552632 0.54152446 0.69716886], [0.99939284 0.80873181 0.59537572 0.67630671]

Precision per Class:[1.         0.56956116 0.41097786 0.82997118], [1.         0.71830986 0.61818182 0.90267176], [0.99852071 0.71022727 0.57271815 0.86717557], [0.96788483 0.64476886 0.47069378 0.83225806], [1.         0.68571429 0.50515464 0.83683829], [0.96986685 0.54699248 0.42391304 0.8401066 ], [0.99709302 0.64411765 0.49535604 0.84963768], [0.99534884 0.67843137 0.47278912 0.86910995], [1.         0.60094637 0.4559387  0.84342508], [0.99939284 0.63822806 0.44978166 0.86348238]

PR AUC per Class:[0.9999959297808769, 0.6922898939892957, 0.4155828275181124, 0.839998500790541], [1.0, 0.8529859833480465, 0.666965826536998, 0.9409872037207394], [1.0, 0.821977015956421, 0.5980039773562773, 0.9288568054655298], [0.9999908474060818, 0.7279077996767208, 0.4714917691089468, 0.8753236486177703], [1.0, 0.7338921041697242, 0.485059421028033, 0.8939045322533005], [0.9999911328930895, 0.683182111412551, 0.42534935425157555, 0.8457453976888025], [0.9998788657028241, 0.7430542642362015, 0.4895012939294805, 0.9003473937130166], [1.0, 0.8274569530893703, 0.5106265360736811, 0.8908957672973857], [1.0, 0.7469077479380208, 0.42556712689660425, 0.863709303205727], [0.9999996314630668, 0.77767281770854, 0.4400567184472074, 0.8701862495416538]

AVG PR per Class:[0.9999959316148124, 0.6925877158242698, 0.4161409263319694, 0.8400794462493354], [1.0, 0.853692219465394, 0.6681088499610771, 0.941043824497685], [1.0, 0.8222120239257967, 0.5989942298045648, 0.9288772621971232], [0.9999908526357314, 0.7281847259811021, 0.4719289672490171, 0.8753666501834125], [1.0, 0.7346216839414089, 0.48647381854280125, 0.8939601265608508], [0.9999911360936263, 0.683440211028895, 0.4257925393597185, 0.8457845952861204], [0.9998790454787514, 0.7439826106550107, 0.4913500126947192, 0.9004184279270212], [1.0, 0.8278255332568587, 0.5124580292590958, 0.890997428773511], [1.0, 0.7476001702007052, 0.4267017040701827, 0.8638035611729614], [0.9999996315749141, 0.7778330457200794, 0.44053605624385456, 0.8702473212093986]

Expected Calibration Error:0.051515145126304195, 0.10525373132098054, 0.07105967532655567, 0.06575034910551118, 0.07270426085618603, 0.039689687914014116, 0.044392024677311105, 0.06546541351649159, 0.06701399658680454, 0.06214614930738645

