Macro F1 Measure:0.7384, 0.7752, 0.7685, 0.8243, 0.8356, 0.8209, 0.8483, 0.8146, 0.8226, 0.7012
Mean Macro F1 Measure: 0.7950
STD Macro F1 Measure: 0.0450

Macro Recall:0.7552, 0.7959, 0.7809, 0.8459, 0.8583, 0.8385, 0.8570, 0.8249, 0.8348, 0.7203
Mean Macro Recall: 0.8112
STD Macro Recall: 0.0442

Macro Precision:0.7344, 0.7688, 0.7603, 0.8125, 0.8206, 0.8103, 0.8414, 0.8162, 0.8146, 0.6923
Mean Macro Precision: 0.7871
STD Macro Precision: 0.0444

Macro PR AUC:0.7607, 0.8112, 0.8035, 0.8692, 0.8848, 0.8618, 0.8926, 0.8758, 0.8743, 0.7211
Mean Macro PR AUC: 0.8355
STD Macro PR AUC: 0.0556

Macro AVG PR:0.7619, 0.8115, 0.8045, 0.8693, 0.8849, 0.8621, 0.8926, 0.8758, 0.8745, 0.7213
Mean Macro AVG PR: 0.8359
STD Macro AVG PR: 0.0554

F1 Measure per Class:[0.99668874 0.70967742 0.49379932 0.75362319], [0.99778516 0.74358974 0.58333333 0.7758934 ], [1.         0.70289855 0.54945055 0.82174688], [0.99627329 0.82024793 0.64761431 0.83311293], [0.99921538 0.84387352 0.64948454 0.84994753], [0.97112861 0.78171546 0.67026749 0.86029017], [0.99895801 0.85960985 0.67048992 0.86409316], [0.98961882 0.7842238  0.65033933 0.83440636], [0.99664804 0.8616188  0.60784314 0.82409639], [0.99877515 0.6107686  0.44769874 0.74752949]

Recall per Class:[1.         0.74757282 0.59349593 0.67954545], [0.99889135 0.79090909 0.69741697 0.69657423], [1.         0.74615385 0.59760956 0.78003384], [1.         0.87637969 0.73950057 0.76791809], [0.99960754 0.93028322 0.70548712 0.79763663], [0.94387755 0.83995585 0.74971231 0.82060482], [0.9998957  0.88421053 0.70869415 0.83518347], [0.97945097 0.76612903 0.77879859 0.77527484], [1.         0.88709677 0.67027027 0.78171429], [0.99929972 0.7320197  0.44769874 0.70209581]

Precision per Class:[0.99339934 0.6754386  0.42277992 0.84582744], [0.99668142 0.7016129  0.50132626 0.87559809], [1.         0.66438356 0.50847458 0.86817326], [0.99257426 0.77087379 0.5760389  0.91040462], [0.99882353 0.7721519  0.6017192  0.90960135], [1.         0.73102786 0.60604651 0.90400903], [0.99802207 0.83634101 0.63619403 0.89507601], [1.         0.80319399 0.55825735 0.90330278], [0.99331849 0.83756345 0.55605381 0.87133758], [0.99825114 0.52397743 0.44769874 0.79925017]

PR AUC per Class:[1.0, 0.7594554552215487, 0.398157238481471, 0.8852460986420029], [0.999995102605022, 0.816625388992987, 0.525481858887694, 0.9025697987677691], [0.9999999999999998, 0.8023266998712933, 0.5117897775316399, 0.8997521082542184], [0.9999982751159867, 0.9104190257950893, 0.6288117017585911, 0.937478686253504], [0.9999874270249003, 0.93228259131088, 0.658477033463127, 0.9483639054247094], [0.9999920123218315, 0.7900636604677203, 0.7060841851927417, 0.951185595081709], [0.9999995664932507, 0.9389046485677426, 0.6854935311157487, 0.9458930813181707], [0.9999982244447496, 0.8866174926800647, 0.6765511482769412, 0.9399825976553953], [1.0, 0.9293757195368567, 0.6574644810472885, 0.9105007645652107], [0.9999963193403558, 0.6337181022684106, 0.4164871337091003, 0.8341614049887727]

AVG PR per Class:[1.0, 0.7624687154414449, 0.3998386661725836, 0.8853363422956492], [0.999995105309271, 0.8169518128364006, 0.5263320852075541, 0.9026015484694384], [0.9999999999999998, 0.8030776505451546, 0.5151227285745934, 0.8998872235658109], [0.9999982754739066, 0.9104696371146571, 0.6291353836472944, 0.9374877771019955], [0.9999874282720446, 0.9323260505443866, 0.6589863664947992, 0.9483715445923442], [0.9999920135297992, 0.7910148385342163, 0.70622196644526, 0.9511923859542948], [0.9999995665157739, 0.9389382711548158, 0.6856428935384852, 0.945898046887651], [0.9999982245159629, 0.8866436554446414, 0.6766898536603893, 0.9399865174723059], [1.0, 0.9295471446151017, 0.6580417073514665, 0.9106032755750932], [0.9999963199852072, 0.6340901033871269, 0.4170297997884651, 0.8342138642491115]

Expected Calibration Error:0.06338130341575467, 0.0597603818924951, 0.060159077350464114, 0.06565626725593438, 0.05728246770325569, 0.05081600036474347, 0.051733667255291854, 0.06097795562980547, 0.07673615347405478, 0.029861718134427055

