Macro F1 Measure:0.7145, 0.8118, 0.7866, 0.7458, 0.7530, 0.7117, 0.7586, 0.7407, 0.7260, 0.7387
Mean Macro F1 Measure: 0.7487
STD Macro F1 Measure: 0.0296

Macro Recall:0.7398, 0.8188, 0.7927, 0.7610, 0.7738, 0.7563, 0.7734, 0.7770, 0.7609, 0.7717
Mean Macro Recall: 0.7725
STD Macro Recall: 0.0204

Macro Precision:0.7013, 0.8077, 0.7814, 0.7395, 0.7481, 0.7041, 0.7494, 0.7354, 0.7116, 0.7363
Mean Macro Precision: 0.7415
STD Macro Precision: 0.0317

Macro PR AUC:0.7393, 0.8470, 0.8324, 0.7774, 0.7801, 0.7570, 0.7832, 0.7958, 0.7483, 0.7716
Mean Macro PR AUC: 0.7832
STD Macro PR AUC: 0.0326

Macro AVG PR:0.7396, 0.8481, 0.8326, 0.7776, 0.7809, 0.7572, 0.7838, 0.7964, 0.7487, 0.7718
Mean Macro AVG PR: 0.7837
STD Macro AVG PR: 0.0328

F1 Measure per Class:[0.99909584 0.66066066 0.45077106 0.74752029], [0.98969072 0.77272727 0.6214442  0.86328461], [0.99852071 0.7421875  0.56637168 0.83944069], [0.99771689 0.69565217 0.52570694 0.76401703], [1.         0.69828722 0.55342804 0.76017765], [0.99963886 0.66571429 0.49606951 0.68534893], [1.         0.69811321 0.54045038 0.79590967], [1.         0.7254509  0.51879699 0.71869328], [1.         0.70231729 0.46897253 0.7326173 ], [0.99969633 0.72678331 0.51095227 0.71731949]

Recall per Class:[0.99819332 0.78853047 0.47919294 0.69314381], [0.97959184 0.83606557 0.59414226 0.86551724], [1.         0.77709611 0.55895197 0.8346117 ], [1.         0.73612991 0.60682493 0.70107457], [1.         0.74858757 0.6696562  0.67699407], [1.         0.86057248 0.58832188 0.57616651], [1.         0.75510204 0.59016393 0.74839744], [1.         0.83796296 0.66028708 0.60985626], [1.         0.86403509 0.52445961 0.65520728], [0.99939284 0.84199584 0.64046243 0.604935  ]

Precision per Class:[1.         0.56847545 0.42553191 0.8111546 ], [1.         0.71830986 0.65137615 0.86106346], [0.99704579 0.71028037 0.57399103 0.8443259 ], [0.99544419 0.65939394 0.46371882 0.83937622], [1.         0.65432099 0.47157895 0.86666667], [0.99927798 0.54280722 0.4288269  0.84558577], [1.         0.64912281 0.49846154 0.84986351], [1.         0.63957597 0.42724458 0.87481591], [1.         0.59159159 0.42410304 0.83076923], [1.         0.63930545 0.42500959 0.88098918]

PR AUC per Class:[1.0, 0.7061199786092072, 0.4028490854515583, 0.8483927730262661], [0.9994084452302207, 0.8010542180529104, 0.658658078128289, 0.9287196723955203], [1.0, 0.8186883961298401, 0.5856639754919348, 0.9252181615180417], [1.0, 0.7541505919352541, 0.4839077345442567, 0.8715000618570707], [0.9999999999999999, 0.7443073030665412, 0.4822117419176212, 0.8940230550690174], [1.0, 0.7360684515797662, 0.44442830140866285, 0.8476728553833484], [1.0, 0.7478240063941461, 0.4908401626071343, 0.8942353153309135], [0.9999999999999999, 0.8329678005886537, 0.46249455621988167, 0.8876399001621461], [1.0, 0.7483424973016102, 0.3893259768900878, 0.8554332858942729], [0.9999999999999999, 0.779280036882784, 0.43031130164079484, 0.876969316234467]

AVG PR per Class:[1.0, 0.7064352457246148, 0.4034649427432355, 0.8484576247818454], [0.9994113029827316, 0.8042861896585066, 0.660006629520628, 0.9288404817527474], [1.0, 0.8189160739148515, 0.5863519559335656, 0.925238889690815], [1.0, 0.7543987749039941, 0.4843212116405285, 0.8715524861654813], [0.9999999999999999, 0.7461533211783098, 0.4833241183774351, 0.8940717037856623], [1.0, 0.736307898756761, 0.44478589972795823, 0.8477118701686153], [1.0, 0.7489835641940301, 0.4920150926285216, 0.8943764177965297], [0.9999999999999999, 0.8333348571559612, 0.4646322520528562, 0.8877306103234603], [1.0, 0.7487972660715865, 0.39030183069302493, 0.8555127050146739], [0.9999999999999999, 0.7794504541035734, 0.43084092527692597, 0.8770126224009219]

Expected Calibration Error:0.053387934788454425, 0.09153887821689494, 0.06250673432334135, 0.06643771081767602, 0.0518860533990145, 0.04104881076054274, 0.03201854904851857, 0.04188894636675505, 0.03489858670219884, 0.033850688445021135

