Macro F1 Measure:0.7811, 0.7227, 0.7768, 0.7394, 0.7995, 0.7574, 0.7777, 0.8203, 0.7398, 0.7873
Mean Macro F1 Measure: 0.7702
STD Macro F1 Measure: 0.0286

Macro Recall:0.8002, 0.7509, 0.7934, 0.7333, 0.8174, 0.7827, 0.7901, 0.8376, 0.7649, 0.7980
Mean Macro Recall: 0.7869
STD Macro Recall: 0.0292

Macro Precision:0.7706, 0.7133, 0.7723, 0.7485, 0.7874, 0.7467, 0.7716, 0.8105, 0.7292, 0.7834
Mean Macro Precision: 0.7633
STD Macro Precision: 0.0275

Macro PR AUC:0.8320, 0.7530, 0.8041, 0.7838, 0.8332, 0.7930, 0.8133, 0.8740, 0.7876, 0.8443
Mean Macro PR AUC: 0.8118
STD Macro PR AUC: 0.0332

Macro AVG PR:0.8322, 0.7533, 0.8045, 0.7861, 0.8334, 0.7931, 0.8138, 0.8740, 0.7878, 0.8443
Mean Macro AVG PR: 0.8123
STD Macro AVG PR: 0.0330

F1 Measure per Class:[0.99943343 0.73736655 0.56953642 0.81812877], [0.99979309 0.63694779 0.49103309 0.76311288], [0.99944904 0.77272727 0.54918415 0.78600823], [1.         0.79310345 0.36697248 0.79734219], [1.         0.7628866  0.59668082 0.83852903], [0.99980825 0.71490177 0.53797132 0.77708978], [0.9988675  0.73313783 0.57424242 0.80446465], [0.99976501 0.83480742 0.62318428 0.82343786], [0.97477225 0.73235855 0.50225225 0.74984558], [0.99767247 0.80216362 0.63813436 0.71138347]

Recall per Class:[0.9988675  0.80685358 0.63651316 0.75838442], [1.         0.77745098 0.54514863 0.68117048], [1.         0.80287474 0.655902   0.71468662], [1.         0.76666667 0.33333333 0.83333333], [1.         0.83012821 0.64740369 0.79223986], [1.         0.82249173 0.60804322 0.70033482], [1.         0.76452599 0.64565588 0.75019275], [0.99976501 0.88505747 0.70016    0.76559109], [0.95078606 0.86098655 0.56030151 0.68768882], [0.99975121 0.86254362 0.68219163 0.64769224]

Precision per Class:[1.         0.67889908 0.51531292 0.88809122], [0.99958626 0.53945578 0.44669118 0.86746598], [0.99889868 0.7447619  0.4723336  0.87314286], [1.         0.82142857 0.40816327 0.76433121], [1.         0.70572207 0.55332856 0.89056305], [0.99961656 0.63220339 0.48238095 0.87273992], [0.99773756 0.70422535 0.51705321 0.86720143], [0.99976501 0.7899568  0.56145753 0.89074074], [1.         0.63716814 0.45510204 0.82435491], [0.99560235 0.74968405 0.59942248 0.78896705]

PR AUC per Class:[1.0, 0.8288847868470081, 0.5730395626494884, 0.925942034725298], [1.0, 0.6901886192203233, 0.4320249795186757, 0.8899810449733744], [1.0, 0.825712689851361, 0.48041785010768345, 0.9104011058070962], [1.0, 0.8065207454976985, 0.4393230742846072, 0.8891740959027294], [1.0, 0.8277987349540727, 0.5755611289217185, 0.9293900930526267], [1.0, 0.7822693975560833, 0.4952802918818794, 0.8942598309912395], [1.0, 0.8203210007492632, 0.5306102650106482, 0.902366661736965], [0.9999999723947121, 0.9304732628892387, 0.6331439446275909, 0.9323471799890732], [1.0, 0.8494183319234588, 0.46089849522007553, 0.8401200365262058], [0.9999935248330459, 0.8974199570853276, 0.6605637543884922, 0.8191646114358996]

AVG PR per Class:[1.0, 0.829021568712046, 0.5737874657425468, 0.9259588418484416], [1.0, 0.6904456951857537, 0.4325179320067304, 0.8900686530664798], [1.0, 0.8262554095333627, 0.48144785639685916, 0.9104290207044963], [1.0, 0.8099585544841031, 0.444692438748072, 0.8896541221575426], [1.0, 0.8279720549530895, 0.5763179876896491, 0.9294138517184218], [1.0, 0.7824379224430013, 0.4956442000562077, 0.8942867395952444], [1.0, 0.8205983943519803, 0.5320951861880059, 0.902418098908403], [0.9999999723963335, 0.930492284559951, 0.6333450845168409, 0.9323529901421057], [1.0, 0.8495282729600574, 0.461533975404418, 0.8402987225932821], [0.999993524933587, 0.8974249823053525, 0.6605947263390314, 0.8191709006159669]

Expected Calibration Error:0.06226760379146627, 0.0448317378189332, 0.06279624945423135, 0.0747788904284343, 0.10138997895160425, 0.05688455854578681, 0.06245375704441676, 0.03436723389247858, 0.02421663044526261, 0.03143364472046986

