Macro F1 Measure:0.7814, 0.7016, 0.7807, 0.7319, 0.7917, 0.7408, 0.7682, 0.8245, 0.7524, 0.7851
Mean Macro F1 Measure: 0.7658
STD Macro F1 Measure: 0.0332

Macro Recall:0.7974, 0.7390, 0.7986, 0.7344, 0.8096, 0.7701, 0.7805, 0.8366, 0.7685, 0.7954
Mean Macro Recall: 0.7830
STD Macro Recall: 0.0298

Macro Precision:0.7712, 0.6956, 0.7722, 0.7295, 0.7799, 0.7338, 0.7618, 0.8167, 0.7419, 0.7838
Mean Macro Precision: 0.7586
STD Macro Precision: 0.0324

Macro PR AUC:0.8312, 0.7336, 0.8135, 0.7524, 0.8217, 0.7808, 0.7977, 0.8751, 0.7831, 0.8431
Mean Macro PR AUC: 0.8032
STD Macro PR AUC: 0.0405

Macro AVG PR:0.8314, 0.7340, 0.8138, 0.7584, 0.8220, 0.7809, 0.7982, 0.8752, 0.7833, 0.8432
Mean Macro AVG PR: 0.8040
STD Macro AVG PR: 0.0397

F1 Measure per Class:[1.         0.73669065 0.56647834 0.82231167], [0.99958626 0.6273035  0.45030826 0.72918519], [1.         0.76374156 0.55818445 0.80091417], [1.         0.78688525 0.3697479  0.77083333], [1.         0.75607959 0.58215243 0.82840015], [0.99961656 0.6962683  0.51986839 0.74759769], [0.99773756 0.71637427 0.56164384 0.7968621 ], [0.99941218 0.83916084 0.62656934 0.83305356], [0.99659401 0.78152998 0.48113934 0.75035261], [0.99668248 0.80320846 0.6407054  0.69999757]

Recall per Class:[1.         0.79750779 0.61842105 0.77353047], [1.         0.81764706 0.51205833 0.62620865], [1.         0.81314168 0.64365256 0.73760524], [1.         0.8        0.36666667 0.77083333], [1.         0.82211538 0.63651591 0.77989418], [1.         0.81256891 0.61644658 0.65122768], [1.         0.74923547 0.6286201  0.74402467], [0.99882505 0.87114338 0.68672    0.78990016], [1.         0.84753363 0.52345059 0.70317221], [0.99968902 0.85420706 0.70196612 0.62585211]

Precision per Class:[1.         0.68449198 0.52258513 0.87765957], [0.99917287 0.50884686 0.40184859 0.87269504], [1.         0.72       0.49275362 0.87611111], [1.         0.77419355 0.37288136 0.77083333], [1.         0.69986357 0.53634439 0.88333999], [0.99923342 0.60909091 0.44945295 0.87744361], [0.99548533 0.68627451 0.50756534 0.85777778], [1.         0.80944351 0.57610738 0.88119451], [0.99321113 0.72506394 0.4451567  0.80431965], [0.99369397 0.7579563  0.58927892 0.79407228]

PR AUC per Class:[1.0, 0.8194451067387563, 0.5819939671225371, 0.9235025548089019], [1.0, 0.6465615262655576, 0.4017328939391624, 0.8861036597162043], [1.0, 0.8422281790860283, 0.49713803905054843, 0.9145407950456912], [0.9999999999999999, 0.7429297953926682, 0.38748307723594916, 0.8791554346372801], [1.0, 0.8128418255457949, 0.5541375008636193, 0.9196428515448483], [0.999980084883021, 0.7648734242428472, 0.46810450195282294, 0.8901442374417905], [1.0, 0.7995823540161061, 0.493743264938326, 0.8974355223666728], [0.9999999723947121, 0.9282227114604938, 0.6390569938504169, 0.9332433622750904], [0.9999264914654373, 0.8632646229365794, 0.4443124241307457, 0.8248046172759701], [0.9999933301755208, 0.896732328859276, 0.6594504676208541, 0.8164140235468094]

AVG PR per Class:[1.0, 0.8195943774233395, 0.5824106447480064, 0.9235212380401894], [1.0, 0.647493767997984, 0.4021673700047239, 0.8861658998064128], [1.0, 0.8424137905504298, 0.4983283391056584, 0.9145649876374282], [0.9999999999999999, 0.7540351322964215, 0.39974445083492477, 0.8796512544350503], [1.0, 0.8130459484666974, 0.5549466814978627, 0.9198792468594977], [0.9999800888004436, 0.7651520209344, 0.46841152180685797, 0.8901942743211281], [1.0, 0.7998692280507129, 0.49548877354055576, 0.8974867583924329], [0.9999999723963335, 0.9282434401813269, 0.6392135065180322, 0.933249053818768], [0.9999265169698592, 0.8633825677288367, 0.4449104091838004, 0.8249183148953767], [0.9999933302789734, 0.8967373532994586, 0.6594809323656525, 0.8164202114717252]

Expected Calibration Error:0.06722852418585569, 0.04504267569252252, 0.06374179138286926, 0.07709128423788703, 0.08593264537488503, 0.040021976016526455, 0.04770180263850125, 0.03703330634844183, 0.02275452216333234, 0.032301826119044426

