Macro F1 Measure:0.7305, 0.7557, 0.7752, 0.7289, 0.7708, 0.7395, 0.7625, 0.7995, 0.7506, 0.7714
Mean Macro F1 Measure: 0.7585
STD Macro F1 Measure: 0.0209

Macro Recall:0.7560, 0.7657, 0.7994, 0.7522, 0.7900, 0.7514, 0.7712, 0.7934, 0.7679, 0.7881
Mean Macro Recall: 0.7735
STD Macro Recall: 0.0170

Macro Precision:0.7240, 0.7491, 0.7621, 0.7196, 0.7582, 0.7325, 0.7554, 0.8066, 0.7394, 0.7598
Mean Macro Precision: 0.7507
STD Macro Precision: 0.0236

Macro PR AUC:0.7353, 0.7833, 0.8188, 0.7566, 0.7952, 0.7638, 0.8008, 0.8380, 0.7792, 0.8027
Mean Macro PR AUC: 0.7874
STD Macro PR AUC: 0.0289

Macro AVG PR:0.7355, 0.7834, 0.8189, 0.7568, 0.7953, 0.7639, 0.8010, 0.8381, 0.7793, 0.8030
Mean Macro AVG PR: 0.7875
STD Macro AVG PR: 0.0288

F1 Measure per Class:[0.94021383 0.62497286 0.54183951 0.81493411], [0.99923684 0.69213584 0.52546852 0.80589443], [0.99823165 0.75250358 0.54678417 0.8033659 ], [0.99978341 0.65321806 0.49331713 0.76939167], [0.9997839  0.7302821  0.53702886 0.8162762 ], [1.         0.67922705 0.49409294 0.78459227], [0.99910153 0.69961133 0.52256532 0.82853007], [0.9964064  0.72581568 0.60818386 0.86761949], [0.9991942  0.68193384 0.51162791 0.80969282], [0.99932841 0.72711719 0.54133207 0.81782857]

Recall per Class:[0.88717315 0.78892544 0.58402714 0.76382599], [0.99847483 0.72962789 0.56805195 0.7666322 ], [0.99690949 0.84702093 0.61415333 0.739626  ], [0.99956691 0.77625571 0.53491436 0.69819677], [1.         0.82773246 0.55592105 0.77642967], [1.         0.72699069 0.54111558 0.73754494], [0.99910153 0.73598131 0.54522924 0.80429228], [0.99283854 0.69138495 0.61717861 0.87232038], [1.         0.76864245 0.5343189  0.76858736], [1.         0.80188679 0.573      0.77748805]

Precision per Class:[1.         0.51743977 0.50533618 0.87337204], [1.         0.65830854 0.48882432 0.84939529], [0.99955733 0.67696268 0.49273403 0.87912786], [1.         0.56384743 0.45772266 0.85675466], [0.99956789 0.6533608  0.51937852 0.86043385], [1.         0.63735267 0.45458937 0.83805077], [0.99910153 0.66666667 0.50171038 0.85427408], [1.         0.76385542 0.59944751 0.862969  ], [0.99838969 0.61280488 0.49078565 0.8554435 ], [0.99865772 0.66510172 0.5129812  0.86258438]

PR AUC per Class:[0.9989834597390186, 0.4979044171966806, 0.5264642926958916, 0.9178511210948133], [1.0, 0.7525445695070764, 0.48537901562907226, 0.8952868019656874], [0.9999894196948715, 0.8357743443763966, 0.5273837792105414, 0.9122490068387579], [0.9999998124754548, 0.6928929589103362, 0.4461733165271344, 0.8873389452275732], [0.9999868525114411, 0.7844428478858004, 0.4895612869884714, 0.9067068110374074], [1.0, 0.7395147536929605, 0.44761277257973053, 0.8678870670127675], [0.9999983854933348, 0.765920476621995, 0.5317243275499146, 0.905654730227736], [1.0, 0.7978439855899133, 0.6203464296331823, 0.9336998994547215], [0.9999976838545349, 0.736712443519279, 0.4728164341904071, 0.9071631464462948], [0.9999927639856064, 0.8074276551765818, 0.5005987521887644, 0.9028456730570265]

AVG PR per Class:[0.9989835630823054, 0.49827290603845253, 0.5267867404949711, 0.9178595145004744], [1.0, 0.7526693581724164, 0.48570160774972165, 0.8952970557195743], [0.9999894220000156, 0.8358652158382227, 0.5275846958707193, 0.9122614315251534], [0.9999998125160533, 0.6932031267233185, 0.4467124932126255, 0.8873666848191292], [0.99998685327292, 0.7846877209934906, 0.48976680838736086, 0.9067141916669863], [1.0, 0.739682507947384, 0.44806496132414336, 0.8679498579767356], [0.99999838621863, 0.7660744473550372, 0.5320837091977499, 0.9056735651180321], [1.0, 0.7979636502549117, 0.6207758493999453, 0.9337119562750479], [0.9999976844781624, 0.7368809508883857, 0.4732542263842614, 0.9071820378139447], [0.9999927688550864, 0.807648574219735, 0.501431244856777, 0.9029582446936659]

Expected Calibration Error:0.058457242307307825, 0.07491431484806606, 0.06808996988653558, 0.042673396676142124, 0.05713141686808895, 0.04881679811097249, 0.06789289952532934, 0.10219268451463306, 0.07276045060953903, 0.07504158624534397

