Macro F1 Measure:0.7219, 0.7739, 0.7794, 0.8288, 0.8436, 0.8478, 0.8473, 0.8339, 0.8276, 0.7047
Mean Macro F1 Measure: 0.8009
STD Macro F1 Measure: 0.0504

Macro Recall:0.7640, 0.7943, 0.8001, 0.8504, 0.8665, 0.8663, 0.8647, 0.8458, 0.8462, 0.7237
Mean Macro Recall: 0.8222
STD Macro Recall: 0.0469

Macro Precision:0.7203, 0.7649, 0.7658, 0.8201, 0.8290, 0.8379, 0.8359, 0.8328, 0.8182, 0.6981
Mean Macro Precision: 0.7923
STD Macro Precision: 0.0489

Macro PR AUC:0.7526, 0.8214, 0.8135, 0.8782, 0.8958, 0.9006, 0.8962, 0.8880, 0.8804, 0.7280
Mean Macro PR AUC: 0.8455
STD Macro PR AUC: 0.0602

Macro AVG PR:0.7538, 0.8216, 0.8144, 0.8783, 0.8959, 0.9007, 0.8963, 0.8880, 0.8806, 0.7282
Mean Macro AVG PR: 0.8458
STD Macro AVG PR: 0.0600

F1 Measure per Class:[1.         0.72244898 0.48247423 0.68275862], [0.99833611 0.73242392 0.58023379 0.78447761], [1.         0.70945946 0.57034221 0.83778966], [0.99958437 0.83684211 0.65291437 0.82585999], [0.9990198  0.85002491 0.67055541 0.85472795], [0.99820252 0.85624013 0.68555527 0.85113448], [0.9979097  0.858743   0.67720726 0.85536649], [0.99992066 0.84751853 0.65844859 0.82990807], [0.99664804 0.84536082 0.63774912 0.83065513], [0.99964998 0.62220346 0.46537093 0.73143236]

Recall per Class:[1.         0.8592233  0.63414634 0.5625    ], [0.99778271 0.79318182 0.67158672 0.71451876], [1.         0.80769231 0.59760956 0.79526227], [0.99958437 0.87748344 0.77241771 0.75207216], [1.         0.9291939  0.74020157 0.7966519 ], [1.         0.89735099 0.77963176 0.78831369], [0.99582812 0.90789474 0.74922064 0.80604379], [0.99992066 0.84543011 0.77385159 0.76384997], [1.         0.88172043 0.73513514 0.768     ], [1.         0.72610837 0.50806934 0.66047904]

Precision per Class:[1.         0.62323944 0.38935108 0.86842105], [0.99889012 0.68031189 0.51075772 0.86962277], [1.         0.63253012 0.54545455 0.88512241], [0.99958437 0.79979879 0.56543415 0.91570199], [0.99804152 0.78328742 0.61288827 0.92193732], [0.99641148 0.81873112 0.61173815 0.92483464], [1.         0.81463991 0.61782348 0.91111886], [0.99992066 0.84961729 0.57299843 0.90847327], [0.99331849 0.81188119 0.563147   0.90444145], [0.99930021 0.54431315 0.42929293 0.81946508]

PR AUC per Class:[1.0, 0.7893412940528738, 0.3415133500633818, 0.8794950575347167], [0.9999975418001521, 0.8227178731627949, 0.558312988254263, 0.9045033383310047], [1.0, 0.8190210064160466, 0.5269889509287896, 0.908123788658616], [0.999992507872076, 0.9253688536612725, 0.6492478223378818, 0.9383010655612035], [0.9999978348180019, 0.9405549052543551, 0.6901514543538944, 0.9525932263087983], [0.9999872858432539, 0.941802678728264, 0.7064654504239429, 0.9541649970147845], [1.0, 0.9432267043376626, 0.6937923481308018, 0.947941274994323], [0.9999986478532574, 0.9321384245915662, 0.6783698444384189, 0.941445462954293], [1.0, 0.9341688036203678, 0.6623851620674539, 0.9251175489372113], [0.9999991410612681, 0.6561524769059561, 0.40389148538370895, 0.8519150507593884]

AVG PR per Class:[1.0, 0.7923183955789249, 0.34335559780943226, 0.8795940424872649], [0.9999975431627914, 0.8229752968052145, 0.5588592319062108, 0.9045349463443306], [1.0, 0.819847664459164, 0.5295569141700629, 0.9082526216464731], [0.9999925094425085, 0.9254065913654087, 0.649449507953761, 0.9383100744252411], [0.9999978350313085, 0.94058793061185, 0.6903627017210575, 0.9526000459058842], [0.9999872877809962, 0.9418348808408419, 0.7066680576873167, 0.9541711860063699], [1.0, 0.9432507004119681, 0.693895355379996, 0.9479460333142656], [0.9999986479073524, 0.9321528888162853, 0.6784852299228453, 0.941449078897439], [1.0, 0.9343179531529427, 0.6629647752606341, 0.9251804885991762], [0.9999991412117745, 0.6564970809813218, 0.4044915163688128, 0.8519506086860749]

Expected Calibration Error:0.058307514035891836, 0.07131594685118497, 0.08650916421578991, 0.06657026104024938, 0.06419356522823821, 0.05973776912467157, 0.046487387115674475, 0.06698246527476463, 0.10056601551281498, 0.03921115811694479

