Macro F1 Measure:0.7682, 0.7632, 0.7925, 0.7290, 0.7685, 0.7480, 0.7598, 0.7915, 0.7536, 0.7801
Mean Macro F1 Measure: 0.7654
STD Macro F1 Measure: 0.0186

Macro Recall:0.7764, 0.7761, 0.8043, 0.7496, 0.7894, 0.7664, 0.7585, 0.7921, 0.7701, 0.7848
Mean Macro Recall: 0.7768
STD Macro Recall: 0.0156

Macro Precision:0.7614, 0.7541, 0.7836, 0.7199, 0.7582, 0.7370, 0.7622, 0.7909, 0.7424, 0.7759
Mean Macro Precision: 0.7586
STD Macro Precision: 0.0206

Macro PR AUC:0.8060, 0.7932, 0.8375, 0.7600, 0.7984, 0.7744, 0.7963, 0.8264, 0.7828, 0.8110
Mean Macro PR AUC: 0.7986
STD Macro PR AUC: 0.0220

Macro AVG PR:0.8061, 0.7933, 0.8376, 0.7603, 0.7985, 0.7747, 0.7965, 0.8265, 0.7830, 0.8114
Mean Macro AVG PR: 0.7988
STD Macro AVG PR: 0.0220

F1 Measure per Class:[0.99989707 0.72173464 0.52809334 0.82310217], [0.99987292 0.70388138 0.53670453 0.81216069], [1.         0.768      0.56990099 0.83211273], [0.9995671  0.65129966 0.49529019 0.76981655], [0.99989194 0.72770022 0.54948971 0.79710337], [1.         0.68252516 0.51225424 0.79715108], [1.         0.69413813 0.49786535 0.847     ], [1.         0.72       0.58529581 0.86060179], [0.99973126 0.68617472 0.51260937 0.81572243], [0.99932841 0.72928177 0.55945419 0.83219102]

Recall per Class:[1.         0.76644737 0.53037311 0.80870043], [1.         0.76024494 0.57064935 0.77352637], [1.         0.8115942  0.60614996 0.79928762], [1.         0.75799087 0.53689065 0.70357482], [1.         0.80783034 0.61988304 0.7300817 ], [1.         0.77145812 0.54686601 0.74730354], [1.         0.69859813 0.46964064 0.86561063], [1.         0.72628135 0.57963595 0.86242638], [1.         0.77342256 0.52587117 0.78113383], [1.         0.74716981 0.574      0.81790526]

Precision per Class:[0.99979415 0.68195122 0.52583308 0.83802617], [0.99974587 0.65529842 0.50657136 0.85485714], [1.         0.72885033 0.5377429  0.86774942], [0.99913457 0.57093723 0.45967287 0.84982805], [0.9997839  0.66203209 0.49345359 0.87767406], [1.         0.61197703 0.48176292 0.85412386], [1.         0.68973472 0.52969951 0.82917279], [1.         0.71382637 0.59106729 0.85878489], [0.99946265 0.61661585 0.5        0.85351612], [0.99865772 0.71223022 0.54562738 0.8469847 ]

PR AUC per Class:[1.0, 0.7719962447941304, 0.5361277565515591, 0.9158586978964867], [1.0, 0.76615087422648, 0.5026342491590481, 0.9040054138221372], [1.0, 0.8489775816712016, 0.5790828587291131, 0.9220501140074631], [0.9999998124754548, 0.7165410102622434, 0.43805876619351786, 0.88542799453423], [0.9999987084783776, 0.7925133610283739, 0.4948597238863943, 0.9062849240790826], [1.0, 0.7561045894923366, 0.46141695622322576, 0.880275575195225], [1.0, 0.7491866137367843, 0.5321207473986832, 0.9040132985592464], [1.0, 0.7925560120335522, 0.5854700958019013, 0.9274624587882725], [0.9999979739189793, 0.7451989513715505, 0.48232279329158645, 0.9035811150214033], [1.0, 0.8018126352739668, 0.5294265627197533, 0.9129321522180842]

AVG PR per Class:[1.0, 0.7721112174346793, 0.5364764534913397, 0.9158660735330841], [1.0, 0.7662419482266376, 0.5028434822143975, 0.9040146078380793], [1.0, 0.8490501483887891, 0.5792994649286226, 0.9220600710680802], [0.9999998125160533, 0.7167661011865908, 0.43880851688946776, 0.8854616633590859], [0.9999987085485341, 0.7927429810227076, 0.495050390391933, 0.9062937919584593], [1.0, 0.7562633577496416, 0.4620183808350631, 0.8803603535211468], [1.0, 0.7494137912645791, 0.5324271895444385, 0.9040336017087673], [1.0, 0.7928110813098577, 0.5857962250337535, 0.9274767838702707], [0.999997974464359, 0.7453953151629382, 0.48292662431525984, 0.903603731159554], [1.0, 0.802069705898204, 0.5304280305895106, 0.9129664724886661]

Expected Calibration Error:0.03898125854016987, 0.06357103108975402, 0.07303640795981794, 0.040051866038527145, 0.0595708082980494, 0.057374735650363134, 0.06420325596872863, 0.09935446448673474, 0.07219674381933233, 0.06820452351387729

