Macro F1 Measure:0.7869, 0.7161, 0.7897, 0.7427, 0.7916, 0.7618, 0.7747, 0.8235, 0.7595, 0.7745
Mean Macro F1 Measure: 0.7721
STD Macro F1 Measure: 0.0280

Macro Recall:0.7962, 0.7432, 0.7935, 0.7420, 0.7991, 0.7861, 0.7751, 0.8436, 0.7860, 0.7791
Mean Macro Recall: 0.7844
STD Macro Recall: 0.0275

Macro Precision:0.7792, 0.7055, 0.7864, 0.7515, 0.7852, 0.7487, 0.7745, 0.8095, 0.7448, 0.7711
Mean Macro Precision: 0.7656
STD Macro Precision: 0.0275

Macro PR AUC:0.8348, 0.7505, 0.8265, 0.7633, 0.8310, 0.7953, 0.8172, 0.8790, 0.8060, 0.8308
Mean Macro PR AUC: 0.8134
STD Macro PR AUC: 0.0352

Macro AVG PR:0.8350, 0.7507, 0.8268, 0.7681, 0.8311, 0.7954, 0.8176, 0.8790, 0.8062, 0.8308
Mean Macro AVG PR: 0.8141
STD Macro AVG PR: 0.0345

F1 Measure per Class:[1.         0.73591807 0.57084691 0.84096341], [1.         0.64099479 0.46516447 0.75815523], [0.99944843 0.7800995  0.53937677 0.83984101], [1.         0.8        0.35643564 0.81433225], [1.         0.73932927 0.57629938 0.85095724], [0.99980825 0.71111111 0.54300925 0.79318148], [0.9988675  0.73668189 0.5362069  0.82718894], [0.99976507 0.83681319 0.6233103  0.83404711], [0.99863481 0.76030928 0.51525686 0.76399426], [0.99903685 0.80277752 0.57449133 0.72167514]

Recall per Class:[1.         0.7834891  0.57648026 0.82473855], [1.         0.78333333 0.50364554 0.68600509], [0.99889746 0.80492813 0.53006682 0.84003742], [1.         0.8        0.3        0.86805556], [1.         0.77724359 0.58040201 0.83880071], [1.         0.82910695 0.58163265 0.73353795], [1.         0.74006116 0.52981261 0.83037779], [1.         0.92135511 0.664      0.78903198], [1.         0.8819133  0.55862647 0.70354985], [0.9999689  0.83491663 0.55113604 0.73027658]

Precision per Class:[1.         0.6937931  0.56532258 0.85783946], [1.         0.54243041 0.43214629 0.84726587], [1.         0.75675676 0.54901961 0.83964469], [1.         0.8        0.43902439 0.76687117], [1.         0.70494186 0.57225434 0.86347131], [0.99961656 0.62251656 0.50919601 0.86338259], [0.99773756 0.73333333 0.54275742 0.82402448], [0.99953024 0.76648213 0.58731956 0.88450933], [0.99727335 0.66817667 0.4781362  0.83580081], [0.99810653 0.773021   0.59991365 0.71327396]

PR AUC per Class:[1.0, 0.8249927989158292, 0.598140222025914, 0.9161400105370163], [1.0, 0.6789462478751911, 0.43667310076054366, 0.886499016531181], [1.0, 0.839069793941795, 0.5457709526913025, 0.9212364388275351], [0.9999999999999999, 0.7518323725974809, 0.41309836535460015, 0.8881537659508011], [1.0, 0.8118844651405914, 0.5938028492733115, 0.918119295610545], [1.0, 0.7691325815823662, 0.5115059431609941, 0.9003962209727803], [1.0, 0.8312609155569388, 0.5257480741667917, 0.911821805956422], [0.9999999585888244, 0.9381687151620464, 0.6436429861103458, 0.9341501247666171], [0.9999549326253963, 0.869689709184769, 0.5043092341476536, 0.8501190305448696], [0.9999988156865217, 0.8932306148435909, 0.632105990747001, 0.7977573132103959]

AVG PR per Class:[1.0, 0.825123178665965, 0.5984642865144126, 0.916348296854109], [1.0, 0.6792370731971827, 0.437205880023834, 0.8865261613089311], [1.0, 0.839345385591924, 0.5464830060103152, 0.9212611186927886], [0.9999999999999999, 0.7628050142199462, 0.4209899743507981, 0.8886386477228756], [1.0, 0.8121020952007072, 0.5941268069824511, 0.9183260028339526], [1.0, 0.7693295505259283, 0.5119880385457547, 0.9004164446147216], [1.0, 0.8315017508176299, 0.5270479795541589, 0.9118637050838252], [0.9999999585912569, 0.9381864351405337, 0.6437725219135952, 0.9341557740957456], [0.999954948436232, 0.8697980508117333, 0.5047983826842826, 0.8503180685764558], [0.999998815704961, 0.8932359806182011, 0.6321391514187483, 0.7977642076827554]

Expected Calibration Error:0.07907594597598655, 0.05857409152949176, 0.08306361956198118, 0.036672053228313024, 0.09404088296437092, 0.07335659903731319, 0.07799827315329066, 0.05902199222309747, 0.05181351145414515, 0.020552501640102826

