Macro F1 Measure:0.7233, 0.7978, 0.7988, 0.7476, 0.7488, 0.7331, 0.7745, 0.7657, 0.7508, 0.7512
Mean Macro F1 Measure: 0.7592
STD Macro F1 Measure: 0.0238

Macro Recall:0.7337, 0.7963, 0.8001, 0.7436, 0.7578, 0.7517, 0.7963, 0.7664, 0.7640, 0.7556
Mean Macro Recall: 0.7665
STD Macro Recall: 0.0222

Macro Precision:0.7154, 0.7995, 0.7978, 0.7522, 0.7417, 0.7224, 0.7616, 0.7651, 0.7408, 0.7473
Mean Macro Precision: 0.7544
STD Macro Precision: 0.0265

Macro PR AUC:0.7474, 0.8518, 0.8537, 0.7915, 0.7714, 0.7565, 0.7940, 0.8143, 0.7784, 0.7824
Mean Macro PR AUC: 0.7941
STD Macro PR AUC: 0.0343

Macro AVG PR:0.7476, 0.8525, 0.8538, 0.7919, 0.7720, 0.7567, 0.7946, 0.8150, 0.7788, 0.7826
Mean Macro AVG PR: 0.7946
STD Macro AVG PR: 0.0344

F1 Measure per Class:[1.         0.65448505 0.46713543 0.77177826], [1.         0.75409836 0.58369099 0.85324232], [1.         0.74297189 0.59486607 0.85741536], [1.         0.69342561 0.48769231 0.80912135], [1.         0.68891856 0.51219512 0.79400749], [1.         0.68148148 0.50496838 0.74606299], [0.9985444  0.73141123 0.56478405 0.80327869], [1.         0.71461717 0.52803738 0.82011405], [1.         0.72127872 0.48919226 0.79286268], [1.         0.71967791 0.48491813 0.80037564]

Recall per Class:[1.         0.70609319 0.48171501 0.74693423], [1.         0.75409836 0.56903766 0.86206897], [1.         0.75664622 0.58187773 0.86193672], [1.         0.67794317 0.47032641 0.82611527], [1.         0.72881356 0.53363229 0.76862228], [1.         0.76454294 0.54857704 0.69350412], [1.         0.81972789 0.61930783 0.74599359], [1.         0.71296296 0.54066986 0.81211499], [1.         0.79166667 0.48919226 0.77502528], [1.         0.74324324 0.48786127 0.79145662]

Precision per Class:[1.         0.60990712 0.45341246 0.79833184], [1.         0.75409836 0.59911894 0.84459459], [1.         0.72978304 0.60844749 0.85294118], [1.         0.70963173 0.50638978 0.7928125 ], [1.         0.65316456 0.49241379 0.82112676], [1.         0.61469933 0.46778243 0.80724175], [0.99709302 0.66027397 0.51908397 0.87009346], [1.         0.71627907 0.51598174 0.82827225], [1.         0.66238532 0.48919226 0.8115405 ], [1.         0.69756098 0.48201028 0.80949796]

PR AUC per Class:[1.0, 0.695350764385218, 0.4500774610102139, 0.8442088241010208], [0.9999999999999999, 0.8198891760686908, 0.6484418755781916, 0.9388589207886917], [1.0, 0.8378091247628477, 0.64157980235046, 0.935351928489546], [1.0, 0.7550983800373701, 0.5231355602327069, 0.8877924602588549], [1.0, 0.7396024105559211, 0.4691214556484259, 0.8768038546007675], [1.0, 0.7179723938654992, 0.4624756244501139, 0.8454743934921689], [1.0, 0.7668029758925604, 0.502985678960706, 0.9060943338540902], [0.9999999999999999, 0.8222595975004012, 0.5399820946282791, 0.8950311005986705], [1.0, 0.7787798829905686, 0.46980524995330136, 0.8650062387270163], [1.0, 0.7916171689251985, 0.47770825151253243, 0.860360956599173]

AVG PR per Class:[1.0, 0.6956549899588501, 0.45053292277227697, 0.8442669700935745], [0.9999999999999999, 0.8213709283848494, 0.6495495386411935, 0.9389186437868988], [1.0, 0.8380055117014764, 0.6419386714982295, 0.9353706629960569], [1.0, 0.7561060774405588, 0.5238473209244611, 0.8878207632265153], [1.0, 0.740270214352546, 0.47065575546894806, 0.8768867732627244], [1.0, 0.7183863046123566, 0.46299345845093515, 0.8455111136426756], [1.0, 0.7674390736612735, 0.504781764462653, 0.906161996966292], [0.9999999999999999, 0.8226656203743424, 0.5422338737920845, 0.895120851121739], [1.0, 0.7791713742198718, 0.4709018934200122, 0.865093205791655], [1.0, 0.7917656004454984, 0.4783466880037187, 0.86042157727483]

Expected Calibration Error:0.05395738286026143, 0.05891041720108528, 0.07686146783302222, 0.04447863304330436, 0.07446555405723804, 0.05332150641386875, 0.08268596955568162, 0.07228669534006964, 0.05536986038381584, 0.04579288523127778

