Macro F1 Measure:0.7875, 0.7319, 0.7854, 0.7556, 0.8006, 0.7622, 0.7837, 0.8244, 0.7684, 0.7870
Mean Macro F1 Measure: 0.7787
STD Macro F1 Measure: 0.0243

Macro Recall:0.7972, 0.7584, 0.7903, 0.7410, 0.8104, 0.7869, 0.7878, 0.8427, 0.7950, 0.7910
Mean Macro Recall: 0.7901
STD Macro Recall: 0.0259

Macro Precision:0.7796, 0.7220, 0.7810, 0.7758, 0.7929, 0.7509, 0.7810, 0.8146, 0.7551, 0.7866
Mean Macro Precision: 0.7739
STD Macro Precision: 0.0243

Macro PR AUC:0.8337, 0.7646, 0.8150, 0.7706, 0.8371, 0.7997, 0.8221, 0.8804, 0.8114, 0.8383
Mean Macro PR AUC: 0.8173
STD Macro PR AUC: 0.0323

Macro AVG PR:0.8340, 0.7648, 0.8154, 0.7744, 0.8373, 0.7998, 0.8225, 0.8804, 0.8116, 0.8383
Mean Macro AVG PR: 0.8178
STD Macro AVG PR: 0.0317

F1 Measure per Class:[1.         0.73691968 0.57617729 0.83674228], [1.         0.6543514  0.50503018 0.76807485], [1.         0.78078078 0.53289831 0.82794677], [1.         0.8        0.41441441 0.80794702], [1.         0.76321839 0.59300477 0.84630811], [0.99980825 0.71853987 0.54672021 0.78355911], [1.         0.74658574 0.5682183  0.82002384], [0.99982379 0.84384813 0.63120767 0.82259074], [0.99863481 0.77225131 0.53656716 0.76632017], [0.99931628 0.80845807 0.62893247 0.7111836 ]

Recall per Class:[1.         0.7788162  0.59868421 0.8113956 ], [1.         0.78137255 0.56309591 0.68931298], [1.         0.80082136 0.54565702 0.81478017], [1.         0.73333333 0.38333333 0.84722222], [1.         0.79807692 0.62479062 0.81869489], [1.         0.8246968  0.61284514 0.71010045], [1.         0.75229358 0.60306644 0.79568234], [1.         0.89413188 0.71584    0.76081609], [1.         0.8819133  0.60217755 0.69599698], [0.9999689  0.82464133 0.67680888 0.66267205]

Precision per Class:[1.         0.6993007  0.5553013  0.86372361], [1.         0.56285311 0.45782034 0.86715749], [1.         0.76171875 0.52072264 0.84154589], [1.         0.88       0.45098039 0.7721519 ], [1.         0.73127753 0.56429652 0.87584906], [0.99961656 0.63659574 0.49347511 0.87396978], [1.         0.74096386 0.53717754 0.84590164], [0.99964764 0.79891892 0.56447136 0.8952835 ], [0.99727335 0.68684517 0.48384926 0.85245143], [0.99866451 0.79289775 0.58738198 0.76735884]

PR AUC per Class:[1.0, 0.826128279720008, 0.58735933569716, 0.9214513900760982], [1.0, 0.7101199179666187, 0.45394219147474596, 0.8944000766752269], [1.0, 0.8253199178271294, 0.5157275724703728, 0.9188144098467766], [0.9999999999999998, 0.7866533748549525, 0.41421801154519416, 0.881391673808449], [1.0, 0.8281692335818015, 0.5939129886093717, 0.9263319865769983], [1.0, 0.7934182554544571, 0.5086434570261199, 0.896566240243419], [1.0, 0.8338030029082218, 0.5415814606205263, 0.9130341266352121], [1.0, 0.9411530890132112, 0.646248740164514, 0.9340934794751117], [0.9999910710218702, 0.8832042974506622, 0.5034308719809172, 0.8589152567766689], [0.9999995681507255, 0.8988158712751393, 0.6455065055088179, 0.8086931910135181]

AVG PR per Class:[1.0, 0.8262685012360799, 0.5881324840192221, 0.9216510286138427], [1.0, 0.7103217647529716, 0.454463040436782, 0.894422862907423], [1.0, 0.8260082785098771, 0.5166353590847035, 0.9188380812565488], [0.9999999999999998, 0.7932628377231173, 0.4222436174586567, 0.8819469769900151], [1.0, 0.828354798028109, 0.5942916184829441, 0.9263590587588357], [1.0, 0.7935755840603902, 0.5090780113157154, 0.8965903314280335], [1.0, 0.8340381332273971, 0.5430761113896447, 0.9130760461833599], [1.0, 0.9411692698929162, 0.6463832246181862, 0.9340992379990507], [0.9999910740913893, 0.8832899408423379, 0.5039379934192977, 0.8590212606963816], [0.9999995681574638, 0.8988207415203494, 0.6455417453596919, 0.8087001574453585]

Expected Calibration Error:0.08415463381825868, 0.06825473704928581, 0.08673685258990216, 0.06823212429597802, 0.1006769643742127, 0.07251353810117538, 0.08671529314636645, 0.05913968360069955, 0.049045240595702304, 0.028252758565994057

