Macro F1 Measure:0.7668, 0.7865, 0.7915, 0.8331, 0.8477, 0.8408, 0.8539, 0.8292, 0.8376, 0.7191
Mean Macro F1 Measure: 0.8106
STD Macro F1 Measure: 0.0412

Macro Recall:0.7892, 0.7954, 0.8078, 0.8561, 0.8667, 0.8646, 0.8699, 0.8538, 0.8539, 0.7214
Mean Macro Recall: 0.8279
STD Macro Recall: 0.0459

Macro Precision:0.7577, 0.7798, 0.7796, 0.8218, 0.8367, 0.8256, 0.8432, 0.8195, 0.8313, 0.7171
Mean Macro Precision: 0.8012
STD Macro Precision: 0.0389

Macro PR AUC:0.7855, 0.8373, 0.8205, 0.8803, 0.8984, 0.8976, 0.9039, 0.8862, 0.8804, 0.7452
Mean Macro PR AUC: 0.8535
STD Macro PR AUC: 0.0517

Macro AVG PR:0.7861, 0.8375, 0.8214, 0.8804, 0.8985, 0.8977, 0.9039, 0.8862, 0.8806, 0.7454
Mean Macro AVG PR: 0.8538
STD Macro AVG PR: 0.0515

F1 Measure per Class:[1.         0.76785714 0.53272101 0.76681332], [1.         0.76367615 0.57109827 0.81129944], [1.         0.73684211 0.59090909 0.83819629], [0.99958455 0.8373057  0.66129426 0.83428724], [0.99990189 0.85979381 0.67627329 0.85487708], [1.         0.84615385 0.66491734 0.85204012], [1.         0.87421777 0.68244203 0.85886866], [0.99996033 0.84565715 0.65134406 0.81983115], [1.         0.88421053 0.64129181 0.8247678 ], [0.99964998 0.64731495 0.46122209 0.7683427 ]

Recall per Class:[1.         0.83495146 0.62872629 0.69318182], [1.         0.79318182 0.60762608 0.78085916], [1.         0.80769231 0.62151394 0.80203046], [1.         0.89183223 0.76844495 0.76401755], [1.         0.90849673 0.76203807 0.79615953], [1.         0.93487859 0.72899885 0.79472066], [1.         0.91907895 0.74922064 0.81113167], [1.         0.90949821 0.76772674 0.73787454], [1.         0.90322581 0.75135135 0.76114286], [1.         0.6591133  0.46921698 0.75718563]

Precision per Class:[1.         0.7107438  0.46215139 0.85794655], [1.         0.73628692 0.5387132  0.84420929], [1.         0.67741935 0.5631769  0.87777778], [0.99916944 0.7890625  0.58036862 0.91879214], [0.99980381 0.81604697 0.60786065 0.92294521], [1.         0.77281022 0.61119151 0.91827065], [1.         0.83353222 0.62659328 0.91257589], [0.99992067 0.79019074 0.56560222 0.92226862], [1.         0.86597938 0.55935614 0.9       ], [0.99930021 0.63593156 0.45349509 0.77983349]

PR AUC per Class:[1.0, 0.8194070789005317, 0.4292879864972151, 0.8932741906791951], [1.0, 0.8502046609223073, 0.5884810324151236, 0.9104866794856448], [1.0, 0.823712606860214, 0.5427748250629066, 0.9155361254142337], [0.9999998272895843, 0.9283859860902167, 0.6516105288608995, 0.9411525352518071], [1.0, 0.9455120797570056, 0.6941873504511559, 0.9539387343832042], [1.0, 0.9472670407740411, 0.6885517039812477, 0.9546732710845174], [1.0, 0.9525293776510798, 0.7120054442309345, 0.951039608530124], [0.9999996972959666, 0.9403288004929483, 0.661153900877832, 0.943209541983306], [1.0, 0.9427998053396792, 0.6566476926213197, 0.9222307771397937], [0.9999916909916275, 0.6822152190089347, 0.4429972161416219, 0.8556938724884987]

AVG PR per Class:[1.0, 0.8199812396889233, 0.4308978819650899, 0.893356035736675], [1.0, 0.8504472777657192, 0.5889476220815283, 0.9105151232467533], [1.0, 0.824555245020051, 0.5453874282198292, 0.9156330833610183], [0.9999998273254683, 0.9284212691810562, 0.6519722674049768, 0.9411610794104717], [1.0, 0.9455414949309348, 0.6943919478795072, 0.9539454587298447], [1.0, 0.9472949014158507, 0.6888338948010393, 0.9546794852126126], [1.0, 0.9525507594884386, 0.7121010221894862, 0.9510439609938715], [0.9999996973079969, 0.9403411394001668, 0.6612346384853306, 0.9432131729651899], [1.0, 0.942931977236865, 0.6572496451476131, 0.9222983265953726], [0.9999916924631679, 0.6824972893627111, 0.44351720346808954, 0.8557258993760428]

Expected Calibration Error:0.051622675871794726, 0.07447178267095464, 0.09782903744942614, 0.07594181673882211, 0.06647074999404869, 0.06584016879480067, 0.05842774210366869, 0.06488127390476359, 0.08195750358959553, 0.024658806846786924

