Macro F1 Measure:0.7529, 0.7449, 0.7840, 0.7051, 0.7647, 0.7294, 0.7565, 0.7871, 0.7364, 0.7690
Mean Macro F1 Measure: 0.7530
STD Macro F1 Measure: 0.0239

Macro Recall:0.7746, 0.7731, 0.8015, 0.7417, 0.7947, 0.7636, 0.7679, 0.7995, 0.7674, 0.7839
Mean Macro Recall: 0.7768
STD Macro Recall: 0.0176

Macro Precision:0.7403, 0.7338, 0.7730, 0.7017, 0.7537, 0.7207, 0.7476, 0.7777, 0.7242, 0.7597
Mean Macro Precision: 0.7432
STD Macro Precision: 0.0227

Macro PR AUC:0.7973, 0.7776, 0.8255, 0.7425, 0.7940, 0.7655, 0.7874, 0.8211, 0.7721, 0.7981
Mean Macro PR AUC: 0.7881
STD Macro PR AUC: 0.0238

Macro AVG PR:0.7974, 0.7777, 0.8257, 0.7427, 0.7941, 0.7657, 0.7876, 0.8213, 0.7722, 0.7983
Mean Macro AVG PR: 0.7883
STD Macro AVG PR: 0.0238

F1 Measure per Class:[0.99979415 0.69517958 0.51280542 0.80394737], [0.99987292 0.68586283 0.51972105 0.77421009], [0.9997793  0.76573557 0.55619048 0.81417443], [1.         0.62757112 0.46857805 0.72412509], [0.9998379  0.72023477 0.55208909 0.7867346 ], [1.         0.66610668 0.49913345 0.75221239], [1.         0.69701897 0.5044991  0.82435103], [1.         0.7112928  0.59221477 0.84481491], [0.99973126 0.65506574 0.50375394 0.78718477], [0.99932841 0.70815074 0.5543379  0.81431871]

Recall per Class:[1.         0.8064693  0.53715695 0.75463154], [1.         0.80781912 0.59038961 0.69401356], [1.         0.82769726 0.61499579 0.76313446], [1.         0.81849315 0.53293808 0.61531161], [0.99989193 0.84078303 0.63870614 0.69942571], [1.         0.82006205 0.57964347 0.65485362], [1.         0.75116822 0.52106568 0.79918242], [1.         0.75899673 0.62741752 0.81177856], [1.         0.80975143 0.54910243 0.7107342 ], [1.         0.76226415 0.607      0.76618861]

Precision per Class:[0.99958839 0.6108804  0.49056604 0.86015955], [0.99974587 0.59589993 0.46416173 0.87536232], [0.99955869 0.71240471 0.50764951 0.87253105], [1.         0.50887154 0.41808786 0.87969245], [0.99978388 0.62991934 0.48615941 0.89894999], [1.         0.56082037 0.43826087 0.88357588], [1.         0.65015167 0.48895349 0.85115646], [1.         0.66923077 0.56075241 0.88065423], [0.99946265 0.55       0.46532438 0.88206459], [0.99865772 0.66121113 0.51008403 0.86890094]

PR AUC per Class:[0.9999999576143261, 0.7657844384403402, 0.5145436828054347, 0.9089319405930336], [1.0, 0.7522742870555584, 0.4586303291496448, 0.8993875382011814], [0.999987551392615, 0.8511333786471733, 0.5355195979373902, 0.9155424874266542], [1.0, 0.6755710680216094, 0.41347155645359046, 0.8807774844129674], [0.9999881337841582, 0.7718735143111488, 0.49437864138224075, 0.9097089883638774], [1.0, 0.7313247190543543, 0.44325857612279296, 0.8872393775940862], [1.0, 0.7501677414127724, 0.4978285840659029, 0.901533605764158], [1.0, 0.781644449473667, 0.5723864959358236, 0.9304049932299581], [0.9999886133441594, 0.7177169826828869, 0.47160624902267584, 0.899019781594824], [1.0, 0.7825905624766402, 0.5027760705889143, 0.9068737275761297]

AVG PR per Class:[0.9999999576186891, 0.7658946011800407, 0.5147356712528535, 0.9089417579053072], [1.0, 0.7523734024260192, 0.4589241706137167, 0.8993982190386984], [0.9999875541785305, 0.8512022210056155, 0.5359958843477022, 0.9155548024588088], [1.0, 0.6761173661705259, 0.41398887173546983, 0.880810481853588], [0.9999881344672211, 0.7720726355253134, 0.49458888841120535, 0.9097180711905147], [1.0, 0.7316339678989403, 0.44374385976215613, 0.887264688449702], [1.0, 0.7503730825855783, 0.498521631510795, 0.9015557269226723], [1.0, 0.781809262677834, 0.5728219876448871, 0.93041715497554], [0.99998861643607, 0.7179059502642321, 0.47194095405620673, 0.8990567231094929], [1.0, 0.7828525614881592, 0.5036011656847036, 0.9069014811723214]

Expected Calibration Error:0.037011098061009065, 0.04452600105035566, 0.06533126675095421, 0.026294408227759507, 0.05364812011485968, 0.03716720632069778, 0.05894944864033669, 0.09268762327751802, 0.05253349100558748, 0.054731668566094085

