Macro F1 Measure:0.7064, 0.8091, 0.7807, 0.7557, 0.7535, 0.7188, 0.7432, 0.7726, 0.7364, 0.7434
Mean Macro F1 Measure: 0.7520
STD Macro F1 Measure: 0.0285

Macro Recall:0.7422, 0.8297, 0.8088, 0.7764, 0.7837, 0.7643, 0.7876, 0.8027, 0.7729, 0.7769
Mean Macro Recall: 0.7845
STD Macro Recall: 0.0233

Macro Precision:0.6953, 0.7946, 0.7653, 0.7426, 0.7405, 0.7094, 0.7346, 0.7567, 0.7204, 0.7292
Mean Macro Precision: 0.7389
STD Macro Precision: 0.0271

Macro PR AUC:0.7434, 0.8749, 0.8302, 0.8010, 0.7752, 0.7587, 0.7830, 0.8166, 0.7712, 0.7799
Mean Macro PR AUC: 0.7934
STD Macro PR AUC: 0.0366

Macro AVG PR:0.7436, 0.8754, 0.8306, 0.8011, 0.7757, 0.7589, 0.7835, 0.8172, 0.7715, 0.7800
Mean Macro AVG PR: 0.7937
STD Macro AVG PR: 0.0367

F1 Measure per Class:[1.         0.63520529 0.46668525 0.72387587], [1.         0.7601476  0.62868369 0.84754991], [1.         0.7253886  0.57332652 0.82389449], [0.99942824 0.70094563 0.5299327  0.79241379], [1.         0.70432692 0.54330709 0.76651982], [1.         0.66105263 0.51168721 0.70228802], [1.         0.68090788 0.53740458 0.75459256], [1.         0.73767258 0.55844156 0.79439776], [1.         0.69991251 0.49080399 0.7547486 ], [0.99969633 0.71374527 0.49597855 0.76430878]

Recall per Class:[1.         0.80406213 0.52774275 0.63712375], [1.         0.8442623  0.66945607 0.80517241], [1.         0.85889571 0.61244541 0.76366251], [1.         0.80243572 0.55489614 0.74829046], [1.         0.82768362 0.61883408 0.6882004 ], [1.         0.86980609 0.59077527 0.59675206], [1.         0.86734694 0.64116576 0.64182692], [1.         0.86574074 0.61722488 0.72792608], [1.         0.87719298 0.53128555 0.68301314], [0.99939284 0.88253638 0.53468208 0.69089944]

Precision per Class:[1.         0.524961   0.41829085 0.83797654], [1.         0.69127517 0.59259259 0.89463602], [1.         0.62780269 0.5389049  0.89444133], [0.99885714 0.62224554 0.50711864 0.84206669], [1.         0.61297071 0.48421053 0.86495443], [1.         0.53310696 0.45127436 0.85317201], [1.         0.56043956 0.46254928 0.91542857], [1.         0.64261168 0.50988142 0.87422935], [1.         0.58224163 0.45605469 0.84332085], [1.         0.59915314 0.4625     0.85517241]

PR AUC per Class:[1.0, 0.7060835644625686, 0.4167163414492496, 0.850799602383076], [1.0, 0.8615843576645641, 0.6887029649189322, 0.949305098422667], [1.0, 0.8179813796696526, 0.5721724981844505, 0.9308061461811328], [1.0, 0.7711247609441789, 0.5404258960225734, 0.8924389506519749], [1.0, 0.7603890212777569, 0.4509327125428033, 0.8896003687513956], [1.0, 0.7280267225833457, 0.4551497876401, 0.8515973071302151], [1.0, 0.7677207289279185, 0.4528115578468017, 0.9115594569735342], [0.9999999999999999, 0.8419800799145408, 0.5278810249386184, 0.8963790147924866], [1.0, 0.7878537273143146, 0.4362552425945465, 0.8607370811933336], [1.0, 0.7916804801992838, 0.45322500224106355, 0.8745995983469941]

AVG PR per Class:[1.0, 0.7063577848800716, 0.4171892178488797, 0.8508678656531438], [1.0, 0.862545218448311, 0.6898581394440546, 0.9493484918978455], [1.0, 0.8182442044731094, 0.5731744798038484, 0.9308264982084937], [1.0, 0.771320651293287, 0.5407205055707859, 0.8925121793280834], [1.0, 0.7608622814966036, 0.4522233789663532, 0.8896545688163463], [1.0, 0.7283740646498225, 0.45545402313844346, 0.8516368274991507], [1.0, 0.7682951548776032, 0.4539471410369481, 0.9116341975053113], [0.9999999999999999, 0.8423276355587309, 0.5299769859690514, 0.8964747421959787], [1.0, 0.788201311037143, 0.436956744431229, 0.8608469082639766], [1.0, 0.7918334677860164, 0.45361521628043855, 0.8746377586913453]

Expected Calibration Error:0.050386087450293826, 0.12006974541532871, 0.0840078927093667, 0.07335171522449122, 0.0934733523074228, 0.05225217569326915, 0.0684078270623012, 0.08800037213397735, 0.06241957009639959, 0.056646088984545415

