Macro F1 Measure:0.7621, 0.7896, 0.7922, 0.8134, 0.8256, 0.8265, 0.8323, 0.8075, 0.8121, 0.7164
Mean Macro F1 Measure: 0.7978
STD Macro F1 Measure: 0.0337

Macro Recall:0.7895, 0.8037, 0.8199, 0.8401, 0.8486, 0.8515, 0.8529, 0.8342, 0.8363, 0.7247
Mean Macro Recall: 0.8201
STD Macro Recall: 0.0375

Macro Precision:0.7499, 0.7801, 0.7755, 0.7974, 0.8112, 0.8101, 0.8180, 0.7944, 0.7967, 0.7101
Mean Macro Precision: 0.7843
STD Macro Precision: 0.0312

Macro PR AUC:0.7958, 0.8393, 0.8225, 0.8666, 0.8830, 0.8849, 0.8903, 0.8688, 0.8601, 0.7344
Mean Macro PR AUC: 0.8446
STD Macro PR AUC: 0.0464

Macro AVG PR:0.7963, 0.8396, 0.8236, 0.8667, 0.8830, 0.8850, 0.8903, 0.8688, 0.8604, 0.7347
Mean Macro AVG PR: 0.8448
STD Macro AVG PR: 0.0463

F1 Measure per Class:[1.         0.76824034 0.51688009 0.76340694], [1.         0.76627535 0.58323896 0.80896294], [1.         0.74509804 0.58935361 0.83453237], [0.99318885 0.79191321 0.63585291 0.83247389], [0.99560418 0.81099656 0.64544288 0.85029782], [0.99284863 0.80500722 0.64851348 0.85966341], [0.99714003 0.82478506 0.65101002 0.85614149], [0.99439842 0.78835874 0.62447435 0.82285034], [0.99664804 0.83414634 0.59926918 0.81818182], [0.99877601 0.63843352 0.45941899 0.76880565]

Recall per Class:[1.         0.86893204 0.60162602 0.6875    ], [1.         0.81590909 0.63345633 0.7656335 ], [1.         0.87692308 0.61752988 0.78510998], [1.         0.88631347 0.70658343 0.76743052], [1.         0.89978214 0.70380739 0.79074348], [1.         0.92273731 0.67146145 0.81163506], [1.         0.91513158 0.68652581 0.80974406], [1.         0.89202509 0.69964664 0.74520371], [1.         0.91935484 0.66486486 0.76114286], [1.         0.69064039 0.45845786 0.7497006 ]

Precision per Class:[1.         0.68846154 0.45306122 0.85815603], [1.         0.722334   0.54039874 0.85749086], [1.         0.64772727 0.56363636 0.89059501], [0.98646986 0.71568627 0.57799443 0.90956371], [0.99124684 0.73815907 0.59601707 0.91955339], [0.98579882 0.71391973 0.62708221 0.91373341], [0.99429638 0.75067458 0.61898813 0.90817915], [0.98885925 0.70627882 0.56388836 0.91855985], [0.99331849 0.76339286 0.54545455 0.88446215], [0.99755501 0.59356478 0.46038415 0.78890989]

PR AUC per Class:[0.9999999999999999, 0.8229317992334482, 0.4596970566901153, 0.9006198600934384], [1.0, 0.856802625264536, 0.5895132780785449, 0.9110360766228848], [1.0, 0.8302681583160266, 0.5441147446069857, 0.9156607942254298], [0.9999974017776835, 0.8984490384598133, 0.6285270367326594, 0.9393453630408389], [0.9999931536664043, 0.910526772199117, 0.6708170020292138, 0.9505944248106767], [0.9999951176954189, 0.9193396191385772, 0.6667957838884021, 0.9533765575184576], [0.9999999238554608, 0.9310350900899882, 0.6815964249737305, 0.948395972273923], [0.999999047492027, 0.9061795391825707, 0.6257457968183057, 0.9431971797313534], [1.0, 0.9310443206627476, 0.5970952390848673, 0.9123566968294429], [0.9999963224318053, 0.653985756733227, 0.4394258098656242, 0.8440829399100769]

AVG PR per Class:[0.9999999999999999, 0.823440455383016, 0.4610054428153159, 0.9006922453074594], [1.0, 0.8570120659564985, 0.590203143125, 0.9110651370773908], [1.0, 0.8310407640409777, 0.547624228070619, 0.9157580547839473], [0.9999974023190961, 0.8985057643588564, 0.6289423462561481, 0.9393542871622773], [0.999993154345029, 0.9105855312066579, 0.6709783636422366, 0.9506019744068075], [0.9999951184308462, 0.919384810166938, 0.6671360350774681, 0.9533830213683773], [0.9999999238594316, 0.9310635504282916, 0.6817035802354942, 0.9484007322148449], [0.9999990475298921, 0.90620073297897, 0.6259815967717425, 0.9432007403504938], [1.0, 0.9311966171568635, 0.5980266202147225, 0.9124397442600921], [0.999996323075574, 0.6542778598454878, 0.440117353641624, 0.8442373927190769]

Expected Calibration Error:0.054721513886115, 0.07455703540032187, 0.09414740310360988, 0.06481084017100909, 0.05522653851937616, 0.05655491779294184, 0.05044577276675849, 0.057432105643039896, 0.0685838006663081, 0.02115067189835256

